t	b	lnt	lnb	linreg	 k=[-2.48639488], b=14.502839668629662
0	29596	0	10.295394496	14.5028396686	
1	69181	0.6931471806	11.1444815374	12.7794020648	
2	64024	1.0986122887	11.067013292	11.7712556943	
3	42104	1.3862943611	10.647898027	11.055964461	
4	27138	1.6094379124	10.2086902387	10.5011414766	
5	18841	1.7917594692	9.8437906253	10.0478180905	
6	13390	1.9459101491	9.5022634387	9.6645386287	
7	10307	2.0794415417	9.240578555	9.3325268572	
8	7752	2.1972245773	8.9557061536	9.0396717199	
9	6075	2.302585093	8.7119372682	8.7777038728	
10	4918	2.3978952728	8.5006572228	8.5407251293	
11	4038	2.4849066498	8.3035047989	8.3243804867	
12	3508	2.5649493575	8.1628013535	8.1253627078	
13	2907	2.6390573296	7.9748769006	7.9411010249	
14	2456	2.7080502011	7.8062892893	7.7695575022	
15	2152	2.7725887222	7.6741529213	7.6090892534	
16	1904	2.8332133441	7.5517122154	7.4583525039	
17	1725	2.8903717579	7.4529823295	7.3162341161	
18	1394	2.9444389792	7.2399325913	7.1818016538	
19	1231	2.9957322736	7.1155821262	7.054266269	
20	1161	3.0445224377	7.0570369817	6.9329546544	
21	1103	3.0910424534	7.0057890193	6.8172875255	
22	1016	3.1354942159	6.9236286281	6.7067628904	
23	896	3.1780538303	6.797940413	6.6009428829	
24	816	3.2188758249	6.704414355	6.4994432845	
25	761	3.258096538	6.6346333579	6.401925104	
26	750	3.295836866	6.6200732065	6.3080877456	
27	694	3.3322045102	6.5424719605	6.2176634212	
28	679	3.36729583	6.5206211276	6.1304125431	
29	551	3.4011973817	6.3117348092	6.0461198984	
30	514	3.4339872045	6.2422232655	5.9645914507	
31	572	3.4657359028	6.3491389914	5.8856516496	
32	530	3.4965075615	6.2728770065	5.8091411549	
33	474	3.5263605246	6.1612073217	5.7349149001	
34	374	3.5553480615	5.9242557974	5.6628404367	
35	318	3.5835189385	5.7620513828	5.5927965123	
36	308	3.6109179126	5.730099783	5.5246718431	
37	319	3.6375861597	5.7651911028	5.45836405	
38	257	3.6635616461	5.5490760849	5.3937787334	
39	307	3.6888794541	5.7268477476	5.3308286652	
40	321	3.7135720667	5.7714411231	5.2694330796	
41	212	3.7376696183	5.3565862747	5.2095170506	
42	193	3.7612001157	5.2626901889	5.1510109422	
43	189	3.7841896339	5.2417470151	5.0938499217	
44	186	3.8066624898	5.2257466737	5.0379735279	
45	257	3.8286413965	5.5490760849	4.9833252867	
46	315	3.8501476017	5.7525726388	4.929852368	
47	269	3.8712010109	5.5947113796	4.8775052791	
48	225	3.8918202981	5.4161004022	4.8262375889	
49	242	3.9120230054	5.4889377262	4.7760056807	
50	269	3.9318256327	5.5947113796	4.7267685295	
51	222	3.9512437186	5.4026773819	4.6784875002	
52	225	3.9702919136	5.4161004022	4.6311261657	
53	135	3.9889840466	4.9052747784	4.5846501418	
54	185	4.0073331852	5.2203558251	4.5390269373	
55	174	4.0253516907	5.1590552992	4.4942258174	
56	112	4.0430512678	4.7184988713	4.4502176794	
57	69	4.0604430105	4.2341065046	4.4069749393	
58	72	4.0775374439	4.276666119	4.3644714276	
59	121	4.0943445622	4.7957905456	4.3226822946	
60	81	4.1108738642	4.3944491547	4.2815839228	
61	50	4.127134385	3.9120230054	4.2411538469	
62	159	4.1431347264	5.0689042022	4.20137068	
63	110	4.1588830834	4.7004803658	4.1622140458	
64	71	4.1743872699	4.262679877	4.1236645158	
65	42	4.189654742	3.7376696183	4.0857035512	
66	24	4.2046926194	3.1780538303	4.0483134498	
67	35	4.2195077052	3.5553480615	4.0114772963	
68	22	4.2341065046	3.0910424534	3.9751789161	
69	13	4.248495242	2.5649493575	3.9394028329	
70	83	4.262679877	4.4188406078	3.904134229	
71	44	4.276666119	3.7841896339	3.8693589085	
72	38	4.2904594411	3.6375861597	3.8350632629	
73	79	4.3040650932	4.3694478525	3.8012342393	
74	42	4.3174881135	3.7376696183	3.7678593102	
75	32	4.3307333403	3.4657359028	3.7349264462	
76	32	4.3438054219	3.4657359028	3.7024240894	
77	24	4.3567088267	3.1780538303	3.6703411296	
78	71	4.3694478525	4.262679877	3.6386668811	
79	57	4.3820266347	4.0430512678	3.6073910614	
80	20	4.3944491547	2.9957322736	3.5765037712	
81	59	4.4067192473	4.0775374439	3.5459954758	
82	121	4.4188406078	4.7957905456	3.5158569869	
83	79	4.4308167988	4.3694478525	3.4860794468	
84	43	4.4426512565	3.7612001157	3.4566543118	
85	83	4.4543472963	4.4188406078	3.4275733384	
86	65	4.4659081187	4.1743872699	3.3988285687	
87	48	4.4773368145	3.8712010109	3.3704123179	
88	54	4.4886363697	3.9889840466	3.3423171615	
89	64	4.4998096703	4.1588830834	3.3145359241	
90	55	4.5108595065	4.0073331852	3.2870616679	
91	115	4.521788577	4.7449321284	3.2598876829	
92	128	4.5325994932	4.8520302639	3.2330074764	
93	71	4.5432947823	4.262679877	3.2064147642	
94	49	4.5538768916	3.8918202981	3.1801034617	
95	38	4.5643481915	3.6375861597	3.1540676753	
96	30	4.5747109785	3.4011973817	3.1283016946	
97	22	4.5849674787	3.0910424534	3.1027999851	
98	11	4.5951198501	2.3978952728	3.0775571806	
99	11	4.605170186	2.3978952728	3.0525680769	
100	9	4.6151205168	2.1972245773	3.0278276252	
101	2	4.6249728133	0.6931471806	3.0033309257	
102	11	4.6347289882	2.3978952728	2.9790732223	
103	39	4.6443908991	3.6635616461	2.9550498964	
104	68	4.6539603502	4.2195077052	2.9312564624	
105	35	4.6634390941	3.5553480615	2.9076885619	
106	20	4.6728288345	2.9957322736	2.8843419595	
107	18	4.6821312271	2.8903717579	2.861212538	
108	12	4.6913478822	2.4849066498	2.8382962939	
109	52	4.7004803658	3.9512437186	2.8155893335	
110	146	4.7095302013	4.9836066217	2.7930878687	
111	104	4.7184988713	4.6443908991	2.7707882136	
112	61	4.7273878187	4.1108738642	2.7486867802	
113	36	4.7361984484	3.5835189385	2.7267800756	
114	24	4.7449321284	3.1780538303	2.7050646984	
115	23	4.7535901911	3.1354942159	2.6835373355	
116	17	4.7621739348	2.8332133441	2.6621947591	
117	16	4.7706846245	2.7725887222	2.6410338238	
118	5	4.7791234931	1.6094379124	2.620051464	
119	7	4.7874917428	1.9459101491	2.5992446908	
120	15	4.7957905456	2.7080502011	2.57861059	
121	6	4.8040210447	1.7917594692	2.558146319	
122	6	4.8121843554	1.7917594692	2.5378491052	
123	4	4.8202815656	1.3862943611	2.5177162431	
124	90	4.8283137373	4.4998096703	2.4977450925	
125	62	4.836281907	4.127134385	2.4779330762	
126	44	4.8441870865	3.7841896339	2.4582776784	
127	24	4.8520302639	3.1780538303	2.438776442	
128	35	4.8598124044	3.5553480615	2.4194269679	
129	98	4.8675344505	4.5849674787	2.400226912	
130	54	4.8751973232	3.9889840466	2.3811739844	
131	39	4.8828019226	3.6635616461	2.3622659474	
132	19	4.8903491282	2.9444389792	2.3435006139	
133	19	4.8978398	2.9444389792	2.324875846	
134	24	4.9052747784	3.1780538303	2.3063895535	
135	13	4.9126548857	2.5649493575	2.2880396925	
136	12	4.9199809258	2.4849066498	2.2698242639	
137	6	4.9272536852	1.7917594692	2.2517413123	
138	50	4.9344739331	3.9120230054	2.2337889247	
139	108	4.9416424226	4.6821312271	2.2159652291	
140	53	4.9487598904	3.9702919136	2.1982683937	
141	38	4.9558270576	3.6375861597	2.1806966252	
142	17	4.9628446303	2.8332133441	2.1632481685	
143	16	4.9698132996	2.7725887222	2.1459213047	
144	15	4.9767337424	2.7080502011	2.128714351	
145	15	4.9836066217	2.7080502011	2.1116256591	
146	9	4.9904325868	2.1972245773	2.0946536145	
147	6	4.9972122738	1.7917594692	2.0777966355	
148	4	5.0039463059	1.3862943611	2.0610531723	
149	6	5.0106352941	1.7917594692	2.0444217064	
150	5	5.0172798368	1.6094379124	2.0279007494	
151	4	5.0238805208	1.3862943611	2.0114888424	
152	4	5.0304379214	1.3862943611	1.9951845552	
153	9	5.0369526024	2.1972245773	1.9789864856	
154	4	5.0434251169	1.3862943611	1.9628932587	
155	1	5.0498560072	0	1.9469035258	
156	2	5.0562458053	0.6931471806	1.9310159645	
157	6	5.062595033	1.7917594692	1.9152292773	
158	5	5.0689042022	1.6094379124	1.8995421913	
159	3	5.0751738152	1.0986122887	1.8839534576	
160	1	5.081404365	0	1.8684618506	
161	1	5.0875963352	0	1.8530661674	
162	1	5.0937502008	0	1.8377652275	
163	2	5.1059454739	0.6931471806	1.8074429629	
165	2	5.1119877884	0.6931471806	1.7924193832	
166	2	5.1179938124	0.6931471806	1.7774860357	
167	2	5.1239639794	0.6931471806	1.762641843	
168	1	5.1298987149	0	1.747885747	
169	1	5.1357984371	0	1.733216708	
170	1	5.1532915945	0	1.6897218109	
173	1	5.1590552992	0	1.6753909649	
174	2	5.1647859739	0.6931471806	1.6611422447	
175	1	5.170483995	0	1.6469747141	
176	1	5.1929568509	0	1.5910983203	
180	1	5.2149357576	0	1.5364500791	
184	1	5.2470240722	0	1.4566658579	
190	1	5.257495372	0	1.4306300715	
192	1	5.2626901889	0	1.4177137054	
193	1	5.2983173665	0	1.3291304731	
200	1	5.3181199938	0	1.2798933219	
204	1	5.3230099791	0	1.2677348875	
205	1	5.3278761688	0	1.2556356185	
206	1	5.3471075307	0	1.2078188586	
210	1	5.3565862747	0	1.1842509581	
212	2	5.3844950628	0.6931471806	1.1148586901	
218	2	5.3890717298	0.6931471806	1.1034792886	
219	1	5.4161004022	0	1.0362753358	
400	-999	5.9914645471	-999	-0.3943071076	
