t	b	lnt	lnb	linreg	 k=[-2.33044657], b=13.190103979800746
0	65252	0.0	11.086011976056193	13.190103979800746
1	90180	0.6931471805599453	11.409562951975076	11.574761512110586
2	55796	1.0986122886681098	10.929457461212126	10.629846742689464
3	33929	1.3862943611198906	10.432025384900689	9.959419044420423
4	22372	1.6094379124341003	10.015565455941479	9.43939492120628
5	15027	1.791759469228055	9.617603862025726	9.014504274999304
6	10357	1.9459101490553132	9.24541789858888	8.655264352322096
7	7704	2.0794415416798357	8.949494953477961	8.344076576730263
8	5621	2.1972245773362196	8.634264863002075	8.069589505578183
9	4181	2.302585092994046	8.338305731356565	7.824052453516118
10	3303	2.3978952727983707	8.10258642539079	7.6019371721458056
11	2674	2.4849066497880004	7.891330757661889	7.3991618073091425
12	2136	2.5649493574615367	7.666690200080086	7.21262655396003
13	1791	2.6390573296152584	7.490529402060711	7.039921884631935
14	1534	2.70805020110221	7.335633981927201	6.8791376840949985
15	1374	2.772588722239781	7.2254814727822945	6.728734109040102
16	1071	2.833213344056216	6.976348070447749	6.587451667223585
17	917	2.8903717578961645	6.821107472256465	6.454247037888023
18	824	2.9444389791664403	6.714170529909472	6.328246267665855
19	739	2.995732273553991	6.6052979209482015	6.208709985825958
20	573	3.044522437723423	6.35088571671474	6.095007115210815
21	563	3.091042453358316	6.333279628139691	5.986594704455644
22	527	3.1354942159291497	6.267200548541362	5.883002246954279
23	430	3.1780538303479458	6.063785208687608	5.783819339618981
24	401	3.2188758248682006	5.993961427306569	5.6886858626118135
25	370	3.258096538021482	5.91350300563827	5.597284086269869
26	340	3.295836866004329	5.8289456176102075	5.509332268466903
27	306	3.332204510175204	5.723585101952381	5.424579416941774
28	250	3.367295829986474	5.521460917862246	5.342800971139469
29	205	3.4011973816621555	5.3230099791384085	5.263795216404837
30	238	3.4339872044851463	5.472270673671475	5.18738028635892
31	172	3.4657359027997265	5.147494476813453	5.11339164134994
32	157	3.4965075614664802	5.056245805348308	5.041679935034525
33	143	3.5263605246161616	4.962844630259907	4.972109199533424
34	151	3.5553480614894135	5.017279836814924	4.904555293727629
35	120	3.58351893845611	4.787491742782046	4.838904570197862
36	140	3.6109179126442243	4.941642422609304	4.775052724848862
37	137	3.6375861597263857	4.919980925828125	4.7129037999756935
38	140	3.6635616461296463	4.941642422609304	4.652369316848748
39	118	3.6888794541139363	4.770684624465665	4.593367518135796
40	92	3.713572066704308	4.5217885770490405	4.535822703882602
41	71	3.7376696182833684	4.2626798770413155	4.479664647520654
42	84	3.7612001156935624	4.430816798843313	4.424828080600113
43	55	3.784189633918261	4.007333185232471	4.371252236765484
44	72	3.8066624897703196	4.276666119016055	4.318880446983718
45	78	3.828641396489095	4.356708826689592	4.267659779264116
46	70	3.8501476017100584	4.248495242049359	4.217540717127534
47	49	3.871201010907891	3.8918202981106265	4.168476871928819
48	60	3.8918202981106265	4.0943445622221	4.120424724843446
49	81	3.912023005428146	4.394449154672439	4.073343394921652
50	44	3.9318256327243257	3.784189633918261	4.027194430112305
51	62	3.9512437185814275	4.127134385045092	3.9819416185797074
52	28	3.970291913552122	3.332204510175204	3.937550817993678
53	79	3.9889840465642745	4.3694478524670215	3.8939898007767404
54	56	4.007333185232471	4.02535169073515	3.851228113551338
55	18	4.02535169073515	2.8903717578961645	3.809236949251611
56	40	4.04305126783455	3.6888794541139363	3.7679890305545722
57	47	4.060443010546419	3.8501476017100584	3.7274585034493075
58	41	4.07753744390572	3.713572066704308	3.6876208399042145
59	47	4.0943445622221	3.8501476017100584	3.6484527487146767
60	36	4.110873864173311	3.58351893845611	3.6099320937197366
61	41	4.127134385045092	3.713572066704308	3.5720378186687576
62	52	4.143134726391533	3.9512437185814275	3.534749878099534
63	37	4.1588830833596715	3.6109179126442243	3.49804917365978
64	37	4.174387269895637	3.6109179126442243	3.4619174953655634
65	46	4.189654742026425	3.828641396489095	3.4263374673443643
66	37	4.204692619390966	3.6109179126442243	3.3912924976580765
67	21	4.219507705176107	3.044522437723423	3.356766731843262
68	38	4.23410650459726	3.6375861597263857	3.322745009842997
69	13	4.248495242049359	2.5649493574615367	3.289212826037467
70	7	4.2626798770413155	1.9459101490553132	3.2561562921095923
71	5	4.276666119016055	1.6094379124341003	3.2235621025076995
72	11	4.290459441148391	2.3978952727983707	3.191417502290337
73	35	4.30406509320417	3.5553480614894135	3.1597102571587
74	11	4.31748811353631	2.3978952727983707	3.1284286255005327
75	1	4.330733340286331	0.0	3.0975613322855313
76	12	4.343805421853684	2.4849066497880004	3.0670975446671545
77	8	4.3694478524670215	2.0794415416798357	3.0073392302626143
79	25	4.382026634673881	3.2188758248682006	2.978025050445636
80	9	4.394449154672439	2.1972245773362196	2.949075031355621
81	10	4.406719247264253	2.302585092994046	2.9204802361924393
82	31	4.418840607796598	3.4339872044851463	2.8922320531467225
83	23	4.430816798843313	3.1354942159291497	2.864322179830493
84	4	4.442651256490317	1.3862943611198906	2.836742608629118
85	13	4.454347296253507	2.5649493574615367	2.8094856129099526
86	13	4.465908118654584	2.5649493574615367	2.782543734028188
87	7	4.477336814478207	1.9459101490553132	2.7559097690753216
88	16	4.48863636973214	2.772588722239781	2.729576759319812
89	4	4.499809670330265	1.3862943611198906	2.7035379792935554
90	17	4.51085950651685	2.833213344056216	2.67778692648138
91	22	4.5217885770490405	3.091042453358316	2.652317311573956
92	8	4.532599493153256	2.0794415416798357	2.627123049247638
93	2	4.543294782270004	0.6931471805599453	2.6021982494373717
94	22	4.553876891600541	3.091042453358316	2.5775372090713873
95	3	4.564348191467836	1.0986122886681098	2.5531344042386586
96	24	4.574710978503383	3.1780538303479458	2.5289844827622066
97	23	4.584967478670572	3.1354942159291497	2.5050822571532834
98	12	4.59511985013459	2.4849066497880004	2.481422697923243
99	11	4.605170185988092	2.3978952727983707	2.45800092723149
100	7	4.61512051684126	1.9459101490553132	2.4348122128494953
101	5	4.624972813284271	1.6094379124341003	2.411851962422144
102	6	4.6443908991413725	1.791759469228055	2.366599150889547
104	8	4.653960350157523	2.0794415416798357	2.344298056616349
105	22	4.68213122712422	3.091042453358316	2.27864733308658
108	2	4.6913478822291435	0.6931471805599453	2.257168410833719
109	3	4.700480365792417	1.0986122886681098	2.2358856458611776
110	11	4.709530201312334	2.3978952727983707	2.2147954877375824
111	6	4.718498871295094	1.791759469228055	2.1938944815614523
112	3	4.736198448394496	1.0986122886681098	2.152646562864412
114	4	4.74493212836325	1.3862943611198906	2.132293188359812
115	2	4.7535901911063645	0.6931471805599453	2.112116035759147
116	6	4.762173934797756	1.791759469228055	2.0921120797374666
117	3	4.770684624465665	1.0986122886681098	2.0722783722140523
118	41	4.77912349311153	3.713572066704308	2.0526120397449343
119	14	4.787491742782046	2.6390573296152584	2.0331102810245145
120	2	4.812184355372417	0.6931471805599453	1.9755654667713216
123	1	4.820281565605037	0.0	1.9566953509785971
124	4	4.8283137373023015	1.3862943611198906	1.937976804017346
125	1	4.844187086458591	0.0	1.900984811961754
127	1	4.852030263919617	0.0	1.8827067059696194
128	9	4.912654885736052	2.1972245773362196	1.7414242641531015
136	31	4.919980925828125	3.4339872044851463	1.7243513191673543
137	8	4.927253685157205	2.0794415416798357	1.7074025421528347
138	32	4.9344739331306915	3.4657359027997265	1.6905761400467139
139	39	4.941642422609304	3.6635616461296463	1.6738703583473082
140	14	4.948759890378168	2.6390573296152584	1.6572834800162504
141	9	4.955827057601261	2.1972245773362196	1.640813824419432
142	17	4.962844630259907	2.833213344056216	1.6244597463050905
143	3	4.969813299576001	1.0986122886681098	1.608219634817539
144	6	4.976733742420574	1.791759469228055	1.592091912545003
145	10	4.983606621708336	2.302585092994046	1.5760750346001746
146	1	4.997212273764115	0.0	1.5443677894685415
148	2	5.003946305945459	0.6931471805599453	1.5286744872862688
149	2	5.017279836814924	0.6931471805599453	1.497601406039216
151	22	5.0238805208462765	3.091042453358316	1.4822188645953709
152	1	5.062595033026967	0.0	1.391996762572452
158	6	5.075173815233827	1.791759469228055	1.3626825827554754
160	4	5.093750200806762	1.3862943611198906	1.3193913087609541
163	1	5.10594547390058	0.0	1.290970876440058
165	3	5.176149732573829	1.0986122886681098	1.1273636027929346
177	1	5.187385805840755	0.0	1.1011785344161407
179	36	5.278114659230517	3.58351893845611	0.8897397894631247
196	11	5.3230099791384085	2.3978952727983707	0.7851136452881331
205	3	5.356586274672012	1.0986122886681098	0.7068658826133571
212	8	5.37989735354046	2.0794415416798357	0.6525406588802696
217	4	5.389071729816501	1.3862943611198906	0.6311602651790551
219	17	5.429345628954441	2.833213344056216	0.5373040951742496
228	5	5.438079308923196	1.6094379124341003	0.5169507206696498
230	2	5.54907608489522	0.6931471805599453	0.25827866510497266
257	25	5.780743515792329	3.2188758248682006	-0.2816099040247
