t	b	lnt	lnb	linreg	 k=[-1.11082439], b=8.806653646191116
0	373	0.0	5.921578419643816	8.806653646191116
1	784	0.6931471805599453	6.664409020350408	8.03668885070969
2	1164	1.0986122886681098	7.059617628291383	7.586288318477621
3	1147	1.3862943611198906	7.044905117129371	7.266724055228264
4	1109	1.6094379124341003	7.011213987350367	7.01885075548859
5	1005	1.791759469228055	6.912742820493176	6.8163235229961945
6	915	1.9459101490553132	6.818924065275521	6.645089187785258
7	844	2.0794415416798357	6.738152494595957	6.496759259746837
8	786	2.1972245773362196	6.666956792429207	6.365922990764126
9	762	2.302585092994046	6.635946555686647	6.248885960007164
10	675	2.3978952727983707	6.51471269087253	6.14301308746507
11	651	2.4849066497880004	6.478509642208569	6.046358727514768
12	595	2.5649493574615367	6.38856140554563	5.957445335421264
13	528	2.6390573296152584	6.269096283706261	5.875124392303832
14	514	2.70805020110221	6.2422232654551655	5.798485427775096
15	516	2.772588722239781	6.246106765481563	5.726794464265412
16	468	2.833213344056216	6.148468295917647	5.659451155589869
17	419	2.8903717578961645	6.037870919922137	5.5959581952827
18	423	2.9444389791664403	6.0473721790462776	5.535899007082603
19	404	2.995732273553991	6.0014148779611505	5.4789211645257385
20	353	3.044522437723423	5.8664680569332965	5.424723860071763
21	327	3.091042453358316	5.7899601708972535	5.373048291983643
22	344	3.1354942159291497	5.840641657373398	5.323670189848118
23	330	3.1780538303479458	5.799092654460526	5.276393932033342
24	372	3.2188758248682006	5.918893854273146	5.231047864786065
25	319	3.258096538021482	5.765191102784844	5.187480539939838
26	258	3.295836866004329	5.552959584921617	5.1455576630506314
27	275	3.332204510175204	5.616771097666572	5.105159596822405
28	264	3.367295829986474	5.575949103146316	5.066179302825059
29	227	3.4011973816621555	5.424950017481403	5.028520632293669
30	271	3.4339872044851463	5.602118820879701	4.992096897289249
31	241	3.4657359027997265	5.484796933490655	4.9568296687839855
32	256	3.4965075614664802	5.545177444479562	4.922647759751575
33	232	3.5263605246161616	5.44673737166631	4.889486360108442
34	177	3.5553480614894135	5.176149732573829	4.857286297082732
35	210	3.58351893845611	5.3471075307174685	4.825993399801273
36	228	3.6109179126442243	5.429345628954441	4.795557950954595
37	186	3.6375861597263857	5.225746673713202	4.765934211601176
38	199	3.6635616461296463	5.293304824724492	4.737080007707769
39	183	3.6888794541139363	5.209486152841421	4.708956369044312
40	194	3.713572066704308	5.267858159063328	4.681527212674248
41	182	3.7376696182833684	5.204006687076795	4.654759064590337
42	193	3.7612001156935624	5.262690188904886	4.628620814108844
43	171	3.784189633918261	5.14166355650266	4.603083496502218
44	160	3.8066624897703196	5.075173815233827	4.578120100061601
45	180	3.828641396489095	5.19295685089021	4.553705394366691
46	169	3.8501476017100584	5.1298987149230735	4.529815777025735
47	158	3.871201010907891	5.062595033026967	4.506429136551916
48	149	3.8918202981106265	5.003946305945459	4.4835247293794
49	145	3.912023005428146	4.976733742420574	4.461083069304639
50	147	3.9318256327243257	4.990432586778736	4.439085827876374
51	132	3.9512437185814275	4.882801922586371	4.417515744458411
52	141	3.970291913552122	4.948759890378168	4.396356544859485
53	135	3.9889840465642745	4.90527477843843	4.375592867569205
54	121	4.007333185232471	4.795790545596741	4.3552101967625445
55	143	4.02535169073515	4.962844630259907	4.335194801340979
56	133	4.04305126783455	4.890349128221754	4.315533679369107
57	119	4.060443010546419	4.77912349311153	4.296214507343634
58	141	4.07753744390572	4.948759890378168	4.277225593798993
59	110	4.0943445622221	4.700480365792417	4.258555836812244
60	131	4.110873864173311	4.875197323201151	4.24019468502045
61	109	4.127134385045092	4.6913478822291435	4.222132101807823
62	123	4.143134726391533	4.812184355372417	4.204358532358269
63	144	4.1588830833596715	4.969813299576001	4.186864873302559
64	118	4.174387269895637	4.770684624465665	4.169642444718739
65	104	4.189654742026425	4.6443908991413725	4.1526829642701495
66	91	4.204692619390966	4.51085950651685	4.135978523288207
67	96	4.219507705176107	4.564348191467836	4.119521564627017
68	99	4.23410650459726	4.59511985013459	4.103304862134623
69	103	4.248495242049359	4.634728988229636	4.087321501601306
70	92	4.2626798770413155	4.5217885770490405	4.071564863059204
71	112	4.276666119016055	4.718498871295094	4.056028604319848
72	103	4.290459441148391	4.634728988229636	4.0407066456471545
73	86	4.30406509320417	4.454347296253507	4.025593155473167
74	81	4.31748811353631	4.394449154672439	4.0106825370725705
75	96	4.330733340286331	4.564348191467836	3.99596941611975
76	108	4.343805421853684	4.68213122712422	3.9814486290592113
77	88	4.356708826689592	4.477336814478207	3.967115212226343
78	77	4.3694478524670215	4.343805421853684	3.9529643916611814
79	78	4.382026634673881	4.356708826689592	3.9389915735628866
80	80	4.394449154672439	4.382026634673881	3.9251923353371367
81	78	4.406719247264253	4.356708826689592	3.9115624171928216
82	73	4.418840607796598	4.290459441148391	3.8980977142480535
83	74	4.430816798843313	4.30406509320417	3.8847942691089106
84	70	4.442651256490317	4.248495242049359	3.8716482648873436
85	76	4.454347296253507	4.330733340286331	3.8586560186274186
86	83	4.465908118654584	4.418840607796598	3.8458139751115645
87	81	4.477336814478207	4.394449154672439	3.8331187010207914
88	66	4.48863636973214	4.189654742026425	3.82056687942484
89	79	4.499809670330265	4.3694478524670215	3.8081553045801746
90	60	4.51085950651685	4.0943445622221	3.7958808770154056
91	72	4.5217885770490405	4.276666119016055	3.7837405988852657
92	87	4.532599493153256	4.465908118654584	3.7717315695757545
93	68	4.543294782270004	4.219507705176107	3.759850981544308
94	71	4.553876891600541	4.2626798770413155	3.7480961163800774
95	68	4.564348191467836	4.219507705176107	3.7364643410704907
96	66	4.574710978503383	4.189654742026425	3.7249531044612665
97	59	4.584967478670572	4.07753744390572	3.7135599338979732
98	58	4.59511985013459	4.060443010546419	3.702282432038081
99	80	4.605170185988092	4.382026634673881	3.6911182738232124
100	74	4.61512051684126	4.30406509320417	3.680065203602047
101	74	4.624972813284271	4.30406509320417	3.6691210323949486
102	71	4.634728988229636	4.2626798770413155	3.658283635292041
103	53	4.6443908991413725	3.970291913552122	3.6475509489769857
104	58	4.653960350157523	4.060443010546419	3.636920969369238
105	58	4.663439094112067	4.060443010546419	3.626391749378059
106	54	4.672828834461906	3.9889840465642745	3.6159613967619713
107	40	4.68213122712422	3.6888794541139363	3.6056280720877787
108	51	4.6913478822291435	3.9318256327243257	3.5953899867836556
109	53	4.700480365792417	3.970291913552122	3.585245401281118
110	60	4.709530201312334	4.0943445622221	3.5751926232411
111	45	4.718498871295094	3.8066624897703196	3.5652300058595534
112	48	4.727387818712341	3.871201010907891	3.5553559462483806
113	64	4.736198448394496	4.1588830833596715	3.5455688838876815
114	54	4.74493212836325	3.9889840465642745	3.5358672991455924
115	52	4.7535901911063645	3.9512437185814275	3.5262497118622074
116	62	4.762173934797756	4.127134385045092	3.5167146799942737
117	57	4.770684624465665	4.04305126783455	3.5072607983175663
118	45	4.77912349311153	3.8066624897703196	3.4978866971840104
119	68	4.787491742782046	4.219507705176107	3.4885910413308174
120	47	4.795790545596741	3.8501476017100584	3.4793725287390247
121	55	4.804021044733257	4.007333185232471	3.4702298895390236
122	42	4.812184355372417	3.7376696182833684	3.461161884960754
123	52	4.820281565605037	3.9512437185814275	3.4521673063263973
124	47	4.8283137373023015	3.8501476017100584	3.443244974083539
125	52	4.836281906951478	3.9512437185814275	3.4343937368768422
126	71	4.844187086458591	4.2626798770413155	3.425612470656411
127	58	4.852030263919617	4.060443010546419	3.4169000778211327
128	43	4.859812404361672	3.7612001156935624	3.4082554863953494
129	36	4.867534450455582	3.58351893845611	3.3996776492373124
130	37	4.875197323201151	3.6109179126442243	3.3911655432779746
131	46	4.882801922586371	3.828641396489095	3.382718168788723
132	51	4.890349128221754	3.9318256327243257	3.374334548676744
133	46	4.897839799950911	3.828641396489095	3.3660137278067817
134	42	4.90527477843843	3.7376696182833684	3.3577547723481063
135	38	4.912654885736052	3.6375861597263857	3.3495567691455905
136	34	4.919980925828125	3.5263605246161616	3.341418825113813
137	21	4.927253685157205	3.044522437723423	3.3333400666531965
138	31	4.9344739331306915	3.4339872044851463	3.325319639087236
139	38	4.941642422609304	3.6375861597263857	3.31735670611988
140	32	4.948759890378168	3.4657359027997265	3.309450449312239
141	43	4.955827057601261	3.7612001156935624	3.3016000675777777
142	37	4.962844630259907	3.6109179126442243	3.293804776695218
143	25	4.969813299576001	3.2188758248682006	3.2860638088384215
144	29	4.976733742420574	3.367295829986474	3.278376412122535
145	27	4.983606621708336	3.295836866004329	3.270741850165728
146	30	4.990432586778736	3.4011973816621555	3.263159401665905
147	53	4.997212273764115	3.970291913552122	3.255628359991743
148	54	5.003946305945459	3.9889840465642745	3.248148032787518
149	40	5.0106352940962555	3.6888794541139363	3.240717741591144
150	46	5.017279836814924	3.828641396489095	3.2333368214648956
151	53	5.0238805208462765	3.970291913552122	3.2260046206383235
152	41	5.030437921392435	3.713572066704308	3.2187205001628802
153	41	5.0369526024136295	3.713572066704308	3.2114838335777858
154	51	5.043425116919247	3.9318256327243257	3.204294006586724
155	55	5.049856007249537	4.007333185232471	3.1971504167449165
156	36	5.056245805348308	3.58351893845611	3.190052473156207
157	36	5.062595033026967	3.58351893845611	3.182999596179755
158	28	5.0689042022202315	3.332204510175204	3.17599121714599
159	32	5.075173815233827	3.4657359027997265	3.1690267780814603
160	36	5.081404364984463	3.58351893845611	3.162105731442259
161	42	5.087596335232384	3.7376696182833684	3.1552275398557112
162	42	5.093750200806762	3.7376696182833684	3.148391675869986
163	25	5.099866427824199	3.2188758248682006	3.141597621711396
164	34	5.10594547390058	3.5263605246161616	3.1348448690490507
165	32	5.111987788356544	3.4657359027997265	3.128132918766627
166	26	5.117993812416755	3.258096538021482	3.121461280741004
167	32	5.123963979403259	3.4657359027997265	3.114829473627484
168	31	5.1298987149230735	3.4339872044851463	3.1082370246514115
169	17	5.135798437050262	2.833213344056216	3.101683469405917
170	32	5.14166355650266	3.4657359027997265	3.0951683516556123
171	19	5.147494476813453	2.9444389791664403	3.088691223145992
172	34	5.153291594497779	3.5263605246161616	3.082251643418367
173	31	5.159055299214529	3.4339872044851463	3.075849179630139
174	29	5.1647859739235145	3.367295829986474	3.069483406380207
175	24	5.170483995038151	3.1780538303479458	3.063153905539366
176	35	5.176149732573829	3.5553480614894135	3.056860266085498
177	28	5.181783550292085	3.332204510175204	3.0506020839434136
178	30	5.187385805840755	3.4011973816621555	3.044378961829173
179	25	5.19295685089021	3.2188758248682006	3.038190509098748
180	22	5.198497031265826	3.091042453358316	3.0320363416008798
181	34	5.204006687076795	3.5263605246161616	3.025916081533979
182	26	5.209486152841421	3.258096538021482	3.0198293573069552
183	26	5.214935757608986	3.258096538021482	3.0137758034038393
184	20	5.220355825078324	2.995732273553991	3.0077550602520695
185	20	5.225746673713202	2.995732273553991	3.001766774094328
186	27	5.231108616854587	3.295836866004329	2.995810596863824
187	44	5.236441962829949	3.784189633918261	2.989886186062882
188	31	5.241747015059643	3.4339872044851463	2.983993204644773
189	22	5.247024072160486	3.091042453358316	2.978131320898651
190	19	5.25227342804663	2.9444389791664403	2.972300208337508
191	17	5.2574953720277815	2.833213344056216	2.9664995455890644
192	20	5.262690188904886	2.995732273553991	2.9607290162894833
193	21	5.267858159063328	3.044522437723423	2.95498830897984
194	28	5.272999558563747	3.332204510175204	2.949277117005243
195	24	5.278114659230517	3.1780538303479458	2.9435951384165477
196	30	5.2832037287379885	3.4011973816621555	2.937942075874555
197	27	5.288267030694535	3.295836866004329	2.932317636556655
198	32	5.293304824724492	3.4657359027997265	2.9267215320658018
199	19	5.298317366548036	2.9444389791664403	2.921153478341787
200	26	5.303304908059076	3.258096538021482	2.9156131955747124
201	32	5.308267697401205	3.4657359027997265	2.9101004081206208
202	31	5.313205979041787	3.4339872044851463	2.9046148444192017
203	31	5.318119993844216	3.4339872044851463	2.899156236913522
204	24	5.3230099791384085	3.1780538303479458	2.893724321971723
205	24	5.327876168789581	3.1780538303479458	2.8883188398106148
206	30	5.332718793265369	3.4011973816621555	2.882939534421129
207	36	5.337538079701318	3.58351893845611	2.8775861534955594
208	28	5.342334251964811	3.332204510175204	2.8722584483565567
209	25	5.3471075307174685	3.2188758248682006	2.8669561738878118
210	17	5.351858133476067	2.833213344056216	2.8616790884663823
211	30	5.356586274672012	3.4011973816621555	2.8564269538966327
212	16	5.3612921657094255	2.772588722239781	2.8511995353457085
213	17	5.365976015021851	2.833213344056216	2.845996601280545
214	22	5.3706380281276624	3.091042453358316	2.840817923406319
215	18	5.375278407684165	2.8903717578961645	2.835663276606353
216	27	5.37989735354046	3.295836866004329	2.830532438883391
217	24	5.384495062789089	3.1780538303479458	2.8254251913022292
218	21	5.389071729816501	3.044522437723423	2.82034131793366
219	19	5.393627546352362	2.9444389791664403	2.8152806057996917
220	21	5.3981627015177525	3.044522437723423	2.810242844820017
221	21	5.402677381872279	3.044522437723423	2.8052278277596736
222	24	5.407171771460119	3.1780538303479458	2.8002353501779007
223	24	5.4116460518550396	3.1780538303479458	2.795265210378127
224	16	5.41610040220442	2.772588722239781	2.790317209359076
225	18	5.420534999272286	2.8903717578961645	2.785391150766954
226	18	5.424950017481403	2.8903717578961645	2.7804868408487007
227	21	5.429345628954441	3.044522437723423	2.775604088406255
228	18	5.43372200355424	2.8903717578961645	2.7707427047518314
229	17	5.438079308923196	2.833213344056216	2.765902503664166
230	17	5.442417710521793	2.833213344056216	2.7610833013457174
231	9	5.44673737166631	2.1972245773362196	2.756284916380781
232	12	5.4510384535657	2.4849066497880004	2.751507169694518
233	16	5.455321115357702	2.772588722239781	2.7467498845128473
234	18	5.459585514144159	2.8903717578961645	2.7420128863232085
235	19	5.4638318050256105	2.9444389791664403	2.73729600283614
236	18	5.4680601411351315	2.8903717578961645	2.732599063947686
237	15	5.472270673671475	2.70805020110221	2.727921901702585
238	28	5.476463551931511	3.332204510175204	2.72326435025823
239	14	5.480638923341991	2.6390573296152584	2.718626245849391
240	12	5.484796933490655	2.4849066497880004	2.714007426753656
241	21	5.488937726156687	3.044522437723423	2.7094077332575983
242	12	5.493061443340548	2.4849066497880004	2.704827007623642
243	18	5.497168225293202	2.8903717578961645	2.700265094057598
244	10	5.501258210544727	2.302585092994046	2.6957218386768735
245	11	5.5053315359323625	2.3978952727983707	2.691197089479328
246	17	5.5093883366279774	2.833213344056216	2.68669069631275
247	11	5.5134287461649825	2.3978952727983707	2.682202510844971
248	26	5.517452896464707	3.258096538021482	2.677732386534559
249	14	5.521460917862246	2.6390573296152584	2.6732801786021136
250	9	5.5254529391317835	2.1972245773362196	2.6688457440021294
251	9	5.529429087511423	2.1972245773362196	2.664428941395416
252	14	5.53338948872752	2.6390573296152584	2.6600296311220726
253	20	5.537334267018537	2.995732273553991	2.6556476751749845
254	9	5.541263545158426	2.1972245773362196	2.6512829371738498
255	14	5.545177444479562	2.6390573296152584	2.646935282339707
256	14	5.54907608489522	2.6390573296152584	2.6426045774699665
257	12	5.552959584921617	2.4849066497880004	2.638290690913923
258	18	5.556828061699537	2.8903717578961645	2.6339934925487363
259	17	5.560681631015528	2.833213344056216	2.629712853755886
260	12	5.564520407322694	2.4849066497880004	2.62544864739807
261	24	5.568344503761097	3.1780538303479458	2.621200747796549
262	23	5.572154032177765	3.1354942159291497	2.6169690307089155
263	10	5.575949103146316	2.302585092994046	2.6127533733072976
264	22	5.579729825986222	3.091042453358316	2.6085536541569594
265	23	5.583496308781699	3.1354942159291497	2.604369753195318
266	31	5.58724865840025	3.4339872044851463	2.6002015517113444
267	25	5.5909869805108565	3.2188758248682006	2.5960489323253553
268	31	5.594711379601839	3.4339872044851463	2.591911778969176
269	16	5.598421958998375	2.772588722239781	2.58778997686668
270	15	5.602118820879701	2.70805020110221	2.5836834125146773
271	17	5.605802066295998	2.833213344056216	2.579591973664164
272	16	5.60947179518496	2.772588722239781	2.575515549301911
273	10	5.6131281063880705	2.302585092994046	2.5714540296323865
274	14	5.616771097666572	2.6390573296152584	2.5674073060600193
275	30	5.62040086571715	3.4011973816621555	2.563375271171771
276	15	5.6240175061873385	2.70805020110221	2.559357818720029
277	20	5.627621113690637	2.995732273553991	2.5553548436058104
278	14	5.631211781821365	2.6390573296152584	2.55136624186226
279	9	5.634789603169249	2.1972245773362196	2.5473919106384546
280	12	5.638354669333745	2.4849066497880004	2.5434317481834814
281	9	5.641907070938114	2.1972245773362196	2.5394856538308126
282	13	5.645446897643238	2.5649493574615367	2.5355535279829535
283	16	5.648974238161206	2.772588722239781	2.5316352720963513
284	15	5.652489180268651	2.70805020110221	2.527730788666582
285	18	5.655991810819852	2.8903717578961645	2.5238399812137917
286	24	5.659482215759621	3.1780538303479458	2.5199627542683896
287	20	5.662960480135946	2.995732273553991	2.516099013356995
288	27	5.666426688112432	3.295836866004329	2.512248664988623
289	19	5.66988092298052	2.9444389791664403	2.5084116166411086
290	28	5.673323267171493	3.332204510175204	2.504587776747771
291	15	5.676753802268282	2.70805020110221	2.5007770546843027
292	10	5.680172609017068	2.302585092994046	2.4969793607558746
293	25	5.683579767338681	3.2188758248682006	2.4931946061844785
294	19	5.68697535633982	2.9444389791664403	2.4894227030964666
295	23	5.69035945432406	3.1354942159291497	2.4856635645103164
296	8	5.6937321388027	2.0794415416798357	2.4819171043245856
297	19	5.697093486505405	2.9444389791664403	2.4781832373060917
298	11	5.700443573390687	2.3978952727983707	2.474461879078265
299	11	5.703782474656201	2.3978952727983707	2.4707529461097177
300	10	5.707110264748875	2.302585092994046	2.4670563557029865
301	19	5.71042701737487	2.9444389791664403	2.4633720259834693
302	12	5.713732805509369	2.4849066497880004	2.4596998758885524
303	16	5.717027701406222	2.772588722239781	2.456039825156898
304	20	5.720311776607412	2.995732273553991	2.4523917943179248
305	7	5.723585101952381	1.9459101490553132	2.448755704681454
306	14	5.726847747587197	2.6390573296152584	2.4451314783275206
307	15	5.730099782973574	2.70805020110221	2.4415190380963603
308	18	5.733341276897746	2.8903717578961645	2.4379183075785456
309	14	5.736572297479192	2.6390573296152584	2.4343292111052977
310	14	5.739792912179234	2.6390573296152584	2.4307516737389347
311	14	5.7430031878094825	2.6390573296152584	2.42718562126349
312	10	5.746203190540153	2.302585092994046	2.4236309801754743
313	10	5.749392985908253	2.302585092994046	2.420087677674781
314	7	5.752572638825633	1.9459101490553132	2.4165556416557425
315	18	5.755742213586912	2.8903717578961645	2.4130348006983287
316	6	5.75890177387728	1.791759469228055	2.409525084059477
317	10	5.762051382780177	2.302585092994046	2.4060264216645635
318	16	5.765191102784844	2.772588722239781	2.4025387440990142
319	17	5.768320995793772	2.833213344056216	2.399061982600034
320	7	5.771441123130016	1.9459101490553132	2.3955960690484757
321	11	5.7745515455444085	2.3978952727983707	2.3921409359608337
322	14	5.777652323222656	2.6390573296152584	2.388696516481356
323	20	5.780743515792329	2.995732273553991	2.385262744374285
324	12	5.783825182329737	2.4849066497880004	2.3818395540162127
325	18	5.786897381366708	2.8903717578961645	2.3784268803885595
326	9	5.7899601708972535	2.1972245773362196	2.375024659070161
327	4	5.793013608384144	1.3862943611198906	2.3716328262299697
328	10	5.796057750765372	2.302585092994046	2.368251318619876
329	13	5.799092654460526	2.5649493574615367	2.3648800735676243
330	20	5.802118375377063	2.995732273553991	2.3615190289698473
331	16	5.805134968916488	2.772588722239781	2.3581681232852016
332	12	5.808142489980444	2.4849066497880004	2.3548272955276044
333	14	5.811140992976701	2.6390573296152584	2.3514964852595774
334	8	5.814130531825066	2.0794415416798357	2.348175632585682
335	13	5.817111159963204	2.5649493574615367	2.3448646781460587
336	6	5.820082930352362	1.791759469228055	2.3415635631100615
337	13	5.823045895483019	2.5649493574615367	2.338272229169985
338	8	5.82600010738045	2.0794415416798357	2.334990618534886
339	11	5.8289456176102075	2.3978952727983707	2.331718673924491
340	15	5.831882477283517	2.70805020110221	2.3284563385632033
341	8	5.834810737062605	2.0794415416798357	2.325203556174187
342	17	5.8377304471659395	2.833213344056216	2.321960270973542
343	13	5.840641657373398	2.5649493574615367	2.318726427664566
344	17	5.84354441703136	2.833213344056216	2.3155019714320977
345	12	5.846438775057725	2.4849066497880004	2.3122868479369405
346	16	5.849324779946859	2.772588722239781	2.3090810033103697
347	15	5.8522024797744745	2.70805020110221	2.3058843841487127
348	8	5.855071922202427	2.0794415416798357	2.302696937508016
349	15	5.857933154483459	2.70805020110221	2.2995186108987813
350	12	5.860786223465865	2.4849066497880004	2.29634935228078
351	8	5.863631175598097	2.0794415416798357	2.2931891100579396
352	26	5.8664680569332965	3.258096538021482	2.290037833073306
353	2	5.869296913133774	0.6931471805599453	2.2868954706040725
354	10	5.872117789475416	2.302585092994046	2.283761972356678
355	4	5.87493073085203	1.3862943611198906	2.280637288461987
356	14	5.877735781779639	2.6390573296152584	2.2775213694705165
357	4	5.8805329864007	1.3862943611198906	2.2744141663477464
358	4	5.883322388488279	1.3862943611198906	2.2713156304694895
359	12	5.886104031450156	2.4849066497880004	2.2682257136173227
360	4	5.8888779583328805	1.3862943611198906	2.2651443679740897
361	2	5.8916442118257715	0.6931471805599453	2.2620715461194543
362	9	5.8944028342648505	2.1972245773362196	2.25900720102553
363	6	5.8971538676367405	1.791759469228055	2.2559512860525537
364	11	5.8998973535824915	2.3978952727983707	2.2529037549446294
365	6	5.902633333401366	1.791759469228055	2.2498645618255297
366	6	5.905361848054571	1.791759469228055	2.2468336611945476
367	6	5.908082938168931	1.791759469228055	2.243811007922413
368	4	5.910796644040527	1.3862943611198906	2.2407965572472586
369	3	5.91350300563827	1.0986122886681098	2.237790264770643
370	7	5.916202062607435	1.9459101490553132	2.234792086453627
371	12	5.918893854273146	2.4849066497880004	2.2318019786129026
372	15	5.921578419643816	2.70805020110221	2.228819897916976
373	5	5.924255797414532	1.6094379124341003	2.2258458013823974
374	8	5.926926025970411	2.0794415416798357	2.2228796463700453
375	5	5.929589143389895	1.6094379124341003	2.2199213905814554
376	6	5.932245187448011	1.791759469228055	2.2169709920552076
377	2	5.934894195619588	0.6931471805599453	2.2140284091633466
378	15	5.937536205082426	2.70805020110221	2.2110936006078665
379	8	5.940171252720432	2.0794415416798357	2.2081665254172247
380	19	5.942799375126701	2.9444389791664403	2.2052471429429152
381	13	5.945420608606575	2.5649493574615367	2.2023354128560815
382	25	5.948034989180646	3.2188758248682006	2.199431295144172
383	15	5.950642552587727	2.70805020110221	2.196534750107638
384	14	5.953243334287785	2.6390573296152584	2.193645738356686
385	14	5.955837369464831	2.6390573296152584	2.1907642208080578
386	17	5.958424693029782	2.833213344056216	2.1878901586818547
387	16	5.961005339623274	2.772588722239781	2.1850235134984137
388	13	5.963579343618446	2.5649493574615367	2.182164247075213
389	8	5.966146739123692	2.0794415416798357	2.179312321523817
390	15	5.968707559985366	2.70805020110221	2.1764676992468717
391	10	5.971261839790462	2.302585092994046	2.1736303429351214
392	19	5.973809611869261	2.9444389791664403	2.17080021556448
393	21	5.976350909297934	3.044522437723423	2.1679772803931288
394	16	5.978885764901122	2.772588722239781	2.1651615009586553
395	14	5.981414211254481	2.6390573296152584	2.1623528410752284
396	17	5.983936280687191	2.833213344056216	2.159551264830804
397	8	5.986452005284438	2.0794415416798357	2.1567567365843754
398	27	5.988961416889864	3.295836866004329	2.1539692209632495
399	15	5.991464547107982	2.70805020110221	2.1511886828603606
400	13	5.993961427306569	2.5649493574615367	2.1484150874316175
401	18	5.996452088619021	2.8903717578961645	2.145648400093286
402	11	5.998936561946683	2.3978952727983707	2.1428885865193976
403	24	6.0014148779611505	3.1780538303479458	2.1401356126391944
404	8	6.003887067106539	2.0794415416798357	2.1373894446346116
405	14	6.0063531596017325	2.6390573296152584	2.1346500489377753
406	9	6.008813185442595	2.1972245773362196	2.1319173922285497
407	9	6.0112671744041615	2.1972245773362196	2.1291914414320967
408	5	6.013715156042802	1.6094379124341003	2.126472163716481
409	7	6.016157159698354	1.9459101490553132	2.1237595264902964
410	6	6.018593214496234	1.791759469228055	2.121053497400318
411	10	6.021023349349527	2.302585092994046	2.1183540443291884
412	11	6.023447592961033	2.3978952727983707	2.1156611353931343
413	12	6.025865973825314	2.4849066497880004	2.1129747389397027
414	13	6.028278520230698	2.5649493574615367	2.110294823545529
415	8	6.030685260261263	2.0794415416798357	2.107621358014133
416	8	6.0330862217988015	2.0794415416798357	2.1049543113737412
417	1	6.035481432524756	0.0	2.1022936528751304
418	4	6.037870919922137	1.3862943611198906	2.099639351989504
419	7	6.040254711277414	1.9459101490553132	2.0969913784063854
420	4	6.042632833682381	1.3862943611198906	2.094349702031548
421	10	6.045005314036012	2.302585092994046	2.091714292984956
422	8	6.0473721790462776	2.0794415416798357	2.089085121598745
423	10	6.049733455231958	2.302585092994046	2.0864621584152063
424	7	6.052089168924417	1.9459101490553132	2.0838453741848184
425	4	6.054439346269371	1.3862943611198906	2.081234739864282
426	4	6.056784013228625	1.3862943611198906	2.0786302266145915
427	4	6.059123195581797	1.3862943611198906	2.0760318057991185
428	6	6.061456918928017	1.791759469228055	2.0734394489817234
429	6	6.063785208687608	1.791759469228055	2.0708531279248925
430	4	6.066108090103747	1.3862943611198906	2.068272814587889
431	7	6.068425588244111	1.9459101490553132	2.065698481124927
432	6	6.07073772800249	1.791759469228055	2.0631300998833746
433	3	6.073044534100405	1.0986122886681098	2.0605676434019653
434	2	6.075346031088684	0.6931471805599453	2.0580110844090393
435	7	6.077642243349034	1.9459101490553132	2.055460395820803
436	7	6.07993319509559	1.9459101490553132	2.0529155507396046
437	8	6.082218910376446	2.0794415416798357	2.0503765224522335
438	6	6.0844994130751715	1.791759469228055	2.0478432844282395
439	6	6.0867747269123065	1.791759469228055	2.045315810318267
440	9	6.089044875446846	2.1972245773362196	2.04279407395241
441	10	6.091309882077698	2.302585092994046	2.040278049338591
442	4	6.093569770045136	1.3862943611198906	2.0377677106609475
443	12	6.095824562432225	2.4849066497880004	2.0352630322782472
444	18	6.09807428216624	2.8903717578961645	2.032763988722314
445	21	6.100318952020064	3.044522437723423	2.0302705546964743
446	18	6.102558594613569	2.8903717578961645	2.0277827050740225
447	10	6.104793232414985	2.302585092994046	2.0253004148967007
448	13	6.1070228877422545	2.5649493574615367	2.022823659373194
449	14	6.1092475827643655	2.6390573296152584	2.0203524138776494
450	18	6.111467339502679	2.8903717578961645	2.017886653948202
451	12	6.113682179832232	2.4849066497880004	2.015426355285528
452	10	6.115892125483034	2.302585092994046	2.012971493751401
453	4	6.118097198041348	1.3862943611198906	2.010522045367275
454	5	6.12029741895095	1.6094379124341003	2.0080779863128804
455	8	6.1224928095143865	2.0794415416798357	2.005639292924829
456	15	6.124683390894205	2.70805020110221	2.0032059416952457
457	9	6.126869184114185	2.1972245773362196	2.000777909270405
458	10	6.129050210060545	2.302585092994046	1.9983551724493847
459	6	6.131226489483141	1.791759469228055	1.9959377081827396
460	6	6.133398042996649	1.791759469228055	1.9935254935711848
461	5	6.135564891081739	1.6094379124341003	1.991118505864291
462	6	6.137727054086234	1.791759469228055	1.988716722459201
463	7	6.139884552226255	1.9459101490553132	1.9863201208993555
464	7	6.142037405587356	1.9459101490553132	1.9839286788732302
465	11	6.144185634125646	2.3978952727983707	1.9815423742130918
466	2	6.1463292576688975	0.6931471805599453	1.9791611848937674
467	8	6.148468295917647	2.0794415416798357	1.9767850890314218
468	4	6.150602768446279	1.3862943611198906	1.9744140648823496
469	7	6.152732694704104	1.9459101490553132	1.9720480908417821
470	6	6.154858094016418	1.791759469228055	1.9696871454427116
471	3	6.156978985585555	1.0986122886681098	1.9673312073547145
472	4	6.159095388491933	1.3862943611198906	1.964980255382799
473	2	6.161207321695077	0.6931471805599453	1.9626342684662603
474	5	6.163314804034641	1.6094379124341003	1.9602932256775514
475	3	6.16541785423142	1.0986122886681098	1.9579571062211585
476	1	6.1675164908883415	0.0	1.9556258894324952
477	16	6.169610732491456	2.772588722239781	1.9532995547768044
478	15	6.171700597410915	2.70805020110221	1.950978081848075
479	5	6.173786103901937	1.6094379124341003	1.9486614503679647
480	6	6.175867270105761	1.791759469228055	1.9463496401847422
481	11	6.1779441140506	2.3978952727983707	1.9440426312722296
482	10	6.180016653652572	2.302585092994046	1.9417404037287653
483	6	6.182084906716632	1.791759469228055	1.939442937776172
484	3	6.184148890937483	1.0986122886681098	1.9371502137587404
485	7	6.186208623900494	1.9459101490553132	1.9348622121422157
486	4	6.18826412308259	1.3862943611198906	1.9325789135128018
487	9	6.1903154058531475	2.1972245773362196	1.9303002985761717
488	3	6.192362489474872	1.0986122886681098	1.9280263481564912
489	9	6.194405391104672	2.1972245773362196	1.925757043195448
490	3	6.19644412779452	1.0986122886681098	1.9234923647512954
491	4	6.198478716492308	1.3862943611198906	1.9212322939979014
492	3	6.20050917404269	1.0986122886681098	1.9189768122238133
493	6	6.202535517187923	1.791759469228055	1.9167259008313238
494	3	6.20455776256869	1.0986122886681098	1.914479541335555
495	2	6.206575926724928	0.6931471805599453	1.9122377153635446
496	5	6.208590026096629	1.6094379124341003	1.9100004046533456
497	9	6.210600077024653	2.1972245773362196	1.9077675910531333
498	4	6.212606095751519	1.3862943611198906	1.9055392565203206
499	3	6.214608098422191	1.0986122886681098	1.9033153831206882
500	6	6.2166061010848646	1.791759469228055	1.9010959530275091
501	5	6.218600119691729	1.6094379124341003	1.898880948520703
502	3	6.220590170099739	1.0986122886681098	1.8966703519859767
503	4	6.222576268071369	1.3862943611198906	1.8944641459139895
504	8	6.22455842927536	2.0794415416798357	1.892262312899521
505	4	6.226536669287466	1.3862943611198906	1.8900648356406462
506	4	6.2285110035911835	1.3862943611198906	1.887871696937916
507	3	6.230481447578482	1.0986122886681098	1.885682879693558
508	1	6.2324480165505225	0.0	1.8834983669106684
509	3	6.234410725718371	1.0986122886681098	1.8813181416924234
510	7	6.236369590203704	1.9459101490553132	1.8791421872412961
511	2	6.238324625039508	0.6931471805599453	1.8769704868582808
512	3	6.240275845170769	1.0986122886681098	1.8748030239421185
513	2	6.2422232654551655	0.6931471805599453	1.872639781988541
514	3	6.244166900663736	1.0986122886681098	1.870480744589515
515	2	6.246106765481563	0.6931471805599453	1.8683258954324966
516	4	6.248042874508429	1.3862943611198906	1.8661752182996887
517	4	6.249975242259483	1.3862943611198906	1.8640286970673108
518	7	6.251903883165888	1.9459101490553132	1.861886315704873
519	6	6.253828811575473	1.791759469228055	1.8597480582744597
520	6	6.255750041753367	1.791759469228055	1.8576139089300163
521	4	6.257667587882639	1.3862943611198906	1.8554838519166434
522	2	6.259581464064923	0.6931471805599453	1.8533578715699033
523	9	6.261491684321042	2.1972245773362196	1.8512359523151227
524	7	6.263398262591624	1.9459101490553132	1.849118078666712
525	7	6.26530121273771	1.9459101490553132	1.8470042352274891
526	8	6.267200548541362	2.0794415416798357	1.8448944066880024
527	4	6.269096283706261	1.3862943611198906	1.8427885778258712
528	1	6.270988431858299	0.0	1.8406867335051205
529	6	6.272877006546167	1.791759469228055	1.838588858675533
530	6	6.274762021241939	1.791759469228055	1.8364949383720033
531	1	6.2766434893416445	0.0	1.8344049577138914
532	3	6.278521424165844	1.0986122886681098	1.8323189019043964
533	5	6.280395838960195	1.6094379124341003	1.830236756229918
534	6	6.282266746896006	1.791759469228055	1.8281585060594452
535	5	6.284134161070802	1.6094379124341003	1.826084136843929
536	2	6.285998094508865	0.6931471805599453	1.8240136341156772
537	3	6.2878585601617845	1.0986122886681098	1.8219469834877495
538	3	6.289715570908998	1.0986122886681098	1.8198841706533537
539	2	6.29156913955832	0.6931471805599453	1.8178251813852535
540	3	6.293419278846481	1.0986122886681098	1.8157700015351814
541	2	6.295266001439646	0.6931471805599453	1.8137186170332518
542	4	6.297109319933935	1.3862943611198906	1.811671013887386
543	1	6.298949246855942	0.0	1.8096271781827387
544	5	6.300785794663244	1.6094379124341003	1.8075870960811304
545	2	6.302618975744905	0.6931471805599453	1.8055507538204845
546	3	6.304448802421981	1.0986122886681098	1.8035181377142733
547	2	6.306275286948016	0.6931471805599453	1.80148923415096
548	2	6.3080984415095305	0.6931471805599453	1.7994640295934614
549	2	6.309918278226516	0.6931471805599453	1.7974425105785938
550	2	6.311734809152915	0.6931471805599453	1.7954246637165463
551	1	6.313548046277095	0.0	1.7934104756903455
552	1	6.315358001522335	0.0	1.791399933255323
553	7	6.317164686747284	1.9459101490553132	1.7893930232386026
554	5	6.318968113746434	1.6094379124341003	1.7873897325385748
555	5	6.320768294250582	1.6094379124341003	1.785390048124384
556	2	6.324358962381311	0.6931471805599453	1.7814014463808343
558	2	6.326149473155099	0.6931471805599453	1.7794125033389916
559	2	6.327936783729195	0.6931471805599453	1.7774271151570282
560	1	6.329720905522696	0.0	1.775445269150329
561	3	6.331501849893691	1.0986122886681098	1.773466952702055
562	2	6.335054251498059	0.6931471805599453	1.769520858349387
564	1	6.340359303727752	0.0	1.7636278769312792
567	1	6.343880434126331	0.0	1.7597165193967719
569	1	6.345636360828596	0.0	1.7577659931851555
570	1	6.3473892096560105	0.0	1.7558188859519994
571	5	6.349138991379798	1.6094379124341003	1.7538751857323662
572	12	6.35088571671474	2.4849066497880004	1.7519348806240131
573	1	6.352629396319567	0.0	1.749997958786964
574	2	6.3561076606958915	0.6931471805599453	1.7461342178755688
576	8	6.3578422665081	2.0794415416798357	1.7442073754286893
577	8	6.359573868672378	2.0794415416798357	1.7422838695071965
578	1	6.361302477572996	0.0	1.7403636885759886
579	2	6.363028103540465	0.6931471805599453	1.7384468211596822
580	3	6.364750756851911	1.0986122886681098	1.736533255842196
581	1	6.366470447731438	0.0	1.7346229812663445
582	1	6.368187186350492	0.0	1.7327159861334396
583	1	6.369900982828227	0.0	1.7308122592028763
584	4	6.371611847231857	1.3862943611198906	1.7289117892917485
585	1	6.373319789577012	0.0	1.727014565274449
586	5	6.375024819828097	1.6094379124341003	1.7251205760822756
587	5	6.376726947898627	1.6094379124341003	1.7232298107030521
588	2	6.3784261836515865	0.6931471805599453	1.7213422581807363
589	5	6.380122536899765	1.6094379124341003	1.719457907615042
590	4	6.3818160174060985	1.3862943611198906	1.7175767481610604
591	6	6.3835066348840055	1.791759469228055	1.71569876902889
592	16	6.385194398997726	2.772588722239781	1.7138239594832587
593	13	6.386879319362645	2.5649493574615367	1.7119523088431592
594	17	6.38856140554563	2.833213344056216	1.7100838064814852
595	14	6.39024066706535	2.6390573296152584	1.7082184418246653
596	8	6.391917113392602	2.0794415416798357	1.706356204352307
597	9	6.393590753950631	2.1972245773362196	1.7044970835968396
598	11	6.395261598115449	2.3978952727983707	1.7026410691431622
599	11	6.396929655216146	2.3978952727983707	1.7007881506282923
600	12	6.398594934535208	2.4849066497880004	1.6989383177410184
601	5	6.400257445308821	1.6094379124341003	1.6970915602215602
602	10	6.401917196727186	2.302585092994046	1.6952478678612177
603	8	6.403574197934815	2.0794415416798357	1.693407230502043
604	18	6.405228458030842	2.8903717578961645	1.6915696380364986
605	4	6.406879986069314	1.3862943611198906	1.689735080407127
606	9	6.408528791059498	2.1972245773362196	1.6879035476062132
607	13	6.410174881966167	2.5649493574615367	1.6860750296754716
608	10	6.411818267709897	2.302585092994046	1.684249516705707
609	10	6.413458957167357	2.302585092994046	1.6824269988364984
610	11	6.415096959171596	2.3978952727983707	1.6806074662558812
611	6	6.416732282512326	1.791759469228055	1.6787909092000275
612	3	6.418364935936212	1.0986122886681098	1.6769773179529297
613	11	6.419994928147142	2.3978952727983707	1.6751666828460943
614	5	6.421622267806518	1.6094379124341003	1.673358994258229
615	4	6.424869023905388	1.3862943611198906	1.669752418388403
617	8	6.42648845745769	2.0794415416798357	1.667953512097121
618	9	6.428105272684596	2.1972245773362196	1.6661575143055547
619	14	6.429719478039138	2.6390573296152584	1.6643644156238713
620	5	6.431331081933479	1.6094379124341003	1.6625742067076335
621	2	6.432940092739179	0.6931471805599453	1.6607868782575084
622	1	6.434546518787453	0.0	1.6590024210189815
623	3	6.436150368369428	1.0986122886681098	1.6572208257820638
624	10	6.437751649736401	2.302585092994046	1.6554420833810148
625	6	6.439350371100098	1.791759469228055	1.653666184694048
626	9	6.440946540632921	2.1972245773362196	1.651893120643062
627	6	6.4425401664681985	1.791759469228055	1.6501228821933545
628	4	6.444131256700441	1.3862943611198906	1.648355460353347
629	6	6.4457198193855785	1.791759469228055	1.6465908461743162
630	6	6.447305862541213	1.791759469228055	1.644829030750114
631	5	6.448889394146858	1.6094379124341003	1.6430700052169023
632	4	6.450470422144176	1.3862943611198906	1.6413137607528885
633	5	6.452048954437226	1.6094379124341003	1.6395602885780507
634	3	6.453624998892692	1.0986122886681098	1.6378095799538848
635	6	6.455198563340122	1.791759469228055	1.636061626183137
636	6	6.456769655572163	1.791759469228055	1.6343164186095471
637	4	6.45833828334479	1.3862943611198906	1.6325739486175879
638	4	6.459904454377535	1.3862943611198906	1.6308342076322146
639	5	6.461468176353717	1.6094379124341003	1.6290971871186075
640	3	6.46302945692067	1.0986122886681098	1.6273628785819252
641	3	6.464588303689961	1.0986122886681098	1.6256312735670493
642	1	6.466144724237619	0.0	1.6239023636583454
643	4	6.467698726104354	1.3862943611198906	1.6221761404794073
644	3	6.4692503167957724	1.0986122886681098	1.6204525956928242
645	5	6.470799503782602	1.6094379124341003	1.6187317209999295
646	4	6.472346294500901	1.3862943611198906	1.6170135081405688
647	3	6.473890696352274	1.0986122886681098	1.6152979488928585
648	2	6.47543271670409	0.6931471805599453	1.6135850350729468
649	1	6.476972362889683	0.0	1.6118747585347872
650	4	6.478509642208569	1.3862943611198906	1.610167111169897
651	4	6.481577129276431	1.3862943611198906	1.6067596717124637
653	1	6.483107351457199	0.0	1.6050598635887345
654	2	6.484635235635252	0.6931471805599453	1.6033626525754494
655	2	6.486160788944089	0.6931471805599453	1.6016680307485442
656	3	6.48768401848461	1.0986122886681098	1.599975990220166
657	4	6.489204931325317	1.3862943611198906	1.5982865231384498
658	7	6.490723534502507	1.9459101490553132	1.5965996216873064
659	3	6.492239835020471	1.0986122886681098	1.594915278086198
660	4	6.493753839851686	1.3862943611198906	1.593233484589927
661	1	6.495265555937008	0.0	1.591554233488421
662	4	6.4967749901858625	1.3862943611198906	1.5898775171065225
663	6	6.498282149476434	1.791759469228055	1.5882033278037753
664	4	6.499787040655854	1.3862943611198906	1.586531657974219
665	8	6.501289670540389	2.0794415416798357	1.584862500046179
666	4	6.502790045915623	1.3862943611198906	1.5831958464820621
667	8	6.504288173536645	2.0794415416798357	1.581531689778152
668	4	6.505784060128229	1.3862943611198906	1.579870022464406
669	1	6.507277712385012	0.0	1.5782108371042556
670	4	6.508769136971682	1.3862943611198906	1.576554126294404
671	4	6.51025834052315	1.3862943611198906	1.5748998826646323
672	3	6.51471269087253	1.0986122886681098	1.5699518816455802
675	4	6.516193076042964	1.3862943611198906	1.5683074336885587
676	3	6.517671272912275	1.0986122886681098	1.5666654165498022
677	3	6.519147287940395	1.0986122886681098	1.5650258230534604
678	4	6.520621127558696	1.3862943611198906	1.563388646055408
679	1	6.522092798170152	0.0	1.5617538784430662
680	5	6.523562306149512	1.6094379124341003	1.5601215131352069
681	3	6.525029657843462	1.0986122886681098	1.5584915430817778
682	1	6.52649485957079	0.0	1.5568639612637147
683	2	6.52795791762255	0.6931471805599453	1.5552387606927613
684	9	6.529418838262226	2.1972245773362196	1.5536159344112868
685	1	6.530877627725885	0.0	1.5519954754921157
686	3	6.5337888379333435	1.0986122886681098	1.5487616321831394
688	4	6.535241271013659	1.3862943611198906	1.547148234089632
689	4	6.536691597591305	1.3862943611198906	1.5455371759506722
690	4	6.539585955617669	1.3862943611198906	1.542322052455516
692	5	6.541029999189903	1.6094379124341003	1.5407179736322227
693	1	6.542471960506805	0.0	1.5391162078289433
694	3	6.543911845564792	1.0986122886681098	1.5375167483847108
695	1	6.54534966033442	0.0	1.5359195886672863
696	3	6.548219102762372	1.0986122886681098	1.5327321420265898
698	2	6.551080335043404	0.6931471805599453	1.529553815417355
700	3	6.553933404025811	1.0986122886681098	1.5263845567993535
702	4	6.555356891810665	1.3862943611198906	1.5248033118460809
703	2	6.556778356158042	0.6931471805599453	1.523224314576514
704	4	6.558197802812269	1.3862943611198906	1.5216475586097138
705	4	6.559615237493242	1.3862943611198906	1.5200730375918798
706	1	6.561030665896573	0.0	1.5185007451961887
707	3	6.56244409369372	1.0986122886681098	1.5169306751226461
708	1	6.5638555265321274	0.0	1.5153628210979315
709	1	6.568077911411976	0.0	1.5106724929805608
712	3	6.569481420414296	1.0986122886681098	1.5091134409462512
713	1	6.570882962339584	0.0	1.5075565739890902
714	3	6.5722825426940075	1.0986122886681098	1.506001885992693
715	2	6.573680166960646	0.6931471805599453	1.50444937086632
716	5	6.57507584059962	1.6094379124341003	1.502899022544736
717	2	6.576469569048224	0.6931471805599453	1.501350834988063
718	1	6.577861357721047	0.0	1.499804802181643
719	3	6.579251212010101	1.0986122886681098	1.4982609181358963
720	1	6.580639137284949	0.0	1.4967191768861827
721	8	6.582025138892826	2.0794415416798357	1.4951795724926633
722	2	6.583409222158765	0.6931471805599453	1.4936420990401604
723	2	6.584791392385716	0.6931471805599453	1.4921067506380288
724	3	6.586171654854675	1.0986122886681098	1.4905735214200089
725	3	6.587550014824796	1.0986122886681098	1.4890424055441045
726	2	6.588926477533519	0.6931471805599453	1.487513397192438
727	1	6.590301048196686	0.0	1.4859864905711273
728	2	6.591673732008658	0.6931471805599453	1.4844616799101473
729	21	6.593044534142437	3.044522437723423	1.482938959463203
730	1	6.594413459749778	0.0	1.4814183235075982
731	2	6.595780513961311	0.6931471805599453	1.4798997663441034
732	1	6.598509028614515	0.0	1.4768688657131221
734	2	6.601230118728877	0.6931471805599453	1.4738462124409866
736	1	6.602587892189336	0.0	1.4723379645621621
737	3	6.6039438246004725	1.0986122886681098	1.470831761765833
738	3	6.6052979209482015	1.0986122886681098	1.4693275985135221
739	2	6.606650186198215	0.6931471805599453	1.4678254692892168
740	9	6.608000625296087	2.1972245773362196	1.4663253685992554
741	4	6.60934924316738	1.3862943611198906	1.4648272909722007
742	5	6.610696044717759	1.6094379124341003	1.4633312309587216
743	5	6.612041034833092	1.6094379124341003	1.4618371831314763
744	5	6.61338421837956	1.6094379124341003	1.460345142084992
745	5	6.61472560020376	1.6094379124341003	1.4588551024355505
746	10	6.616065185132817	2.302585092994046	1.457367058821064
747	10	6.617402977974478	2.302585092994046	1.455881005900971
748	53	6.618738983517219	3.970291913552122	1.4543969383561128
749	5	6.620073206530356	1.6094379124341003	1.452914850888619
750	3	6.621405651764134	1.0986122886681098	1.4514347382218
751	4	6.62273632394984	1.3862943611198906	1.449956595100029
752	5	6.6240652277998935	1.6094379124341003	1.4484804162886338
753	3	6.625392368007956	1.0986122886681098	1.4470061965737813
754	6	6.626717749249025	1.791759469228055	1.4455339307623705
755	3	6.628041376179533	1.0986122886681098	1.4440636136819212
756	2	6.6293632534374485	0.6931471805599453	1.4425952401804665
757	2	6.630683385642372	0.6931471805599453	1.4411288051264401
758	1	6.63200177739563	0.0	1.439664303408577
759	2	6.633318433280377	0.6931471805599453	1.4382017299357983
760	2	6.634633357861686	0.6931471805599453	1.436741079637108
761	3	6.635946555686647	1.0986122886681098	1.4352823474614889
762	4	6.637258031284457	1.3862943611198906	1.4338255283777972
763	2	6.638567789166521	0.6931471805599453	1.432370617374656
764	2	6.641182169740591	0.6931471805599453	1.4294664996627455
766	1	6.642486801367256	0.0	1.428017283029141
767	2	6.643789733147672	0.6931471805599453	1.4265699546262116
768	2	6.645090969505644	0.6931471805599453	1.4251245095398888
769	15	6.646390514847729	2.70805020110221	1.4236809428752606
770	3	6.647688373563329	1.0986122886681098	1.4222392497564726
771	1	6.648984550024776	0.0	1.4207994253266314
772	2	6.650279048587422	0.6931471805599453	1.4193614647477055
773	1	6.651571873589727	0.0	1.4179253632004283
774	5	6.652863029353347	1.6094379124341003	1.4164911158841988
775	1	6.654152520183219	0.0	1.4150587180169873
776	1	6.656726524178391	0.0	1.4121994515937866
778	1	6.658011045870748	0.0	1.410772573565735
779	2	6.659293919683638	0.6931471805599453	1.4093475260423913
780	4	6.660575149839686	1.3862943611198906	1.4079243043331582
781	3	6.661854740545311	1.0986122886681098	1.4065029037654453
782	2	6.663132695990803	0.6931471805599453	1.405083319684576
783	2	6.664409020350408	0.6931471805599453	1.403665547453695
784	1	6.665683717782408	0.0	1.4022495824536811
785	12	6.666956792429207	2.4849066497880004	1.4008354200830535
786	1	6.668228248417403	0.0	1.3994230557578833
787	1	6.669498089857879	0.0	1.3980124849117024
788	16	6.670766320845874	2.772588722239781	1.3966037029954208
789	12	6.672032945461067	2.4849066497880004	1.3951967054772298
790	8	6.673297967767654	2.0794415416798357	1.3937914878425222
791	14	6.674561391814426	2.6390573296152584	1.392388045593802
792	5	6.675823221634848	1.6094379124341003	1.3909863742505983
793	7	6.677083461247136	1.9459101490553132	1.3895864693493776
794	7	6.678342114654332	1.9459101490553132	1.3881883264434647
795	10	6.679599185844383	2.302585092994046	1.386791941102949
796	1	6.680854678790215	0.0	1.3853973089146097
797	4	6.682108597449809	1.3862943611198906	1.3840044254818231
798	5	6.683360945766275	1.6094379124341003	1.3826132864244878
799	5	6.684611727667927	1.6094379124341003	1.3812238873789342
800	3	6.68586094706836	1.0986122886681098	1.3798362239978497
801	7	6.687108607866515	1.9459101490553132	1.378450291950192
802	3	6.688354713946762	1.0986122886681098	1.3770660869211087
803	7	6.6895992691789665	1.9459101490553132	1.3756836046118597
804	7	6.690842277418564	1.9459101490553132	1.374302840739734
805	3	6.692083742506628	1.0986122886681098	1.3729237910379712
806	4	6.693323668269949	1.3862943611198906	1.3715464512556812
807	1	6.694562058521095	0.0	1.370170817157769
808	2	6.695798917058491	0.6931471805599453	1.3687968845248522
809	3	6.697034247666484	1.0986122886681098	1.367424649153186
810	6	6.698268054115413	1.791759469228055	1.3660541068545848
811	5	6.699500340161678	1.6094379124341003	1.364685253456349
812	3	6.70073110954781	1.0986122886681098	1.3633180848011834
813	5	6.70196036600254	1.6094379124341003	1.3619525967471233
814	2	6.703188113240863	0.6931471805599453	1.3605887851674607
815	2	6.704414354964107	0.6931471805599453	1.3592266459506703
816	3	6.706862336602747	1.0986122886681098	1.3565073682350555
818	1	6.70808408385307	0.0	1.3551502215884152
819	1	6.709304340258298	0.0	1.353794731008871
820	1	6.710523109452428	0.0	1.3524408924596925
821	2	6.71174039505618	0.6931471805599453	1.3510887019188926
822	1	6.71295620067707	0.0	1.3497381553791552
823	2	6.714170529909472	0.6931471805599453	1.348389248847762
824	2	6.715383386334681	0.6931471805599453	1.3470419783465246
825	1	6.716594773520978	0.0	1.3456963399117088
826	1	6.717804695023691	0.0	1.3443523295939679
827	1	6.720220155135295	0.0	1.3416691775838538
829	2	6.721425700790643	0.6931471805599453	1.3403300280641028
830	4	6.7226297948554485	1.3862943611198906	1.3389924910065343
831	10	6.723832440821209	2.302585092994046	1.3376565625327066
832	8	6.725033642166843	2.0794415416798357	1.3363222387781528
833	6	6.726233402358747	1.791759469228055	1.3349895158923148
834	5	6.727431724850855	1.6094379124341003	1.3336583900384786
835	4	6.728628613084702	1.3862943611198906	1.3323288573937049
836	1	6.729824070489475	0.0	1.331000914148765
837	4	6.732210706467206	1.3862943611198906	1.3283497806896385
839	1	6.734591659972948	0.0	1.3257049594590038
841	2	6.7357800142423265	0.6931471805599453	1.3243849065501214
842	2	6.736966958001855	0.6931471805599453	1.3230664204699858
843	1	6.738152494595957	0.0	1.3217494975035304
844	3	6.740519359606223	1.0986122886681098	1.3191203261173188
846	1	6.742880635791903	0.0	1.31649736293378
848	3	6.744059186311348	1.0986122886681098	1.3151882002694588
849	3	6.7464121285733745	1.0986122886681098	1.3125744946115958
851	1	6.747586526829315	0.0	1.3112699443828575
852	2	6.75110146893676	0.6931471805599453	1.307365460953088
855	3	6.75343791859778	1.0986122886681098	1.3047700756787126
857	2	6.754604099487962	0.6931471805599453	1.303474653500297
858	1	6.755768921984255	0.0	1.3021807402589483
859	4	6.7580945044277305	1.3862943611198906	1.2995974265548957
861	2	6.759255270663693	0.6931471805599453	1.2983080191064627
862	2	6.760414691083428	0.6931471805599453	1.2970201066235223
863	1	6.762729506931879	0.0	1.2944487527158426
865	2	6.763884908562435	0.6931471805599453	1.2931653044019482
866	2	6.7650389767805414	0.6931471805599453	1.2918833372751282
867	1	6.767343125265392	0.0	1.2893238329351355
869	2	6.76849321164863	0.6931471805599453	1.288046288927613
870	1	6.769641976852503	0.0	1.2867702125183547
871	1	6.77078942390898	0.0	1.2854956003393774
872	2	6.771935555839602	0.6931471805599453	1.284222449034277
873	5	6.774223886357614	1.6094379124341003	1.2816805156776816
875	1	6.776506992372183	0.0	1.2791443858269478
877	1	6.777646593635117	0.0	1.277878488946813
878	1	6.779921907472252	0.0	1.2753510148368408
880	1	6.782192056006791	0.0	1.2728292784709838
882	3	6.78332520060396	1.0986122886681098	1.2715705538126727
883	1	6.785587645007929	0.0	1.2690573753829728
885	2	6.7912214627261855	0.6931471805599453	1.2627991932408875
890	1	6.792344427470809	0.0	1.2615517766110917
891	3	6.79346613258001	1.0986122886681098	1.260305759215048
892	2	6.796823718274855	0.6931471805599453	1.2565760711266467
895	1	6.79794041297493	0.0	1.2553356194152752
896	4	6.799055862058796	1.3862943611198906	1.2540965513647713
897	2	6.803505257608338	0.6931471805599453	1.2491540542582387
901	1	6.805722553416985	0.0	1.246691027989491
903	1	6.807934943699926	0.0	1.2442334508983555
905	13	6.810142450115136	2.5649493574615367	1.2417812989266226
907	1	6.813444599510896	0.0	1.238113190831454
910	1	6.815639990074331	0.0	1.2356744974434033
912	2	6.816735880594968	0.6931471805599453	1.2344571555220085
913	1	6.81783057145415	0.0	1.233241146213821
914	4	6.818924065275521	1.3862943611198906	1.232026466604431
915	1	6.828712071641684	0.0	1.2211537103828656
924	1	6.829793737512425	0.0	1.2199521695495443
925	2	6.8308742346461795	0.6931471805599453	1.2187519269777756
926	2	6.831953565565855	0.6931471805599453	1.2175529798650517
927	3	6.833031732786201	1.0986122886681098	1.2163553254179291
928	4	6.835184586147301	1.3862943611198906	1.2139638833918038
930	2	6.838405200847344	0.6931471805599453	1.21038634602544
933	10	6.839476438228843	2.302585092994046	1.2091963894123419
934	1	6.841615476477592	0.0	1.2068202935499963
936	2	6.842683282238422	0.6931471805599453	1.2056341488648403
937	1	6.843749949006225	0.0	1.2044492694009232
938	1	6.844815479208263	0.0	1.2032656524619796
939	1	6.84587987526405	0.0	1.2020832953603566
940	1	6.846943139585379	0.0	1.2009021954169734
941	1	6.848005274576363	0.0	1.1997223499612861
942	3	6.849066282633458	1.0986122886681098	1.19854375633125
943	1	6.8501261661455	0.0	1.197366411873288
944	2	6.852242569051878	0.6931471805599453	1.1950154599013727
946	2	6.854354502255021	0.6931471805599453	1.1926694729848348
948	2	6.858565034791365	0.6931471805599453	1.187992310739733
952	1	6.860663671448287	0.0	1.1856610939510688
954	1	6.86171134048073	0.0	1.1844973176349827
955	1	6.86484777797086	0.0	1.1810132863666487
958	1	6.8658910748834385	0.0	1.1798543667079544
959	1	6.8679744089702925	0.0	1.1775401483873829
961	2	6.870053411798126	0.6931471805599453	1.175230741334981
963	1	6.871091294610546	0.0	1.1740778357908033
964	1	6.872128101338986	0.0	1.172926125586958
965	1	6.874198495453294	0.0	1.170626281303524
967	10	6.876264611890766	2.302585092994046	1.1683311887678611
969	2	6.878326468291325	0.6931471805599453	1.1660408283851122
971	1	6.882437470997847	0.0	1.161474226302718
975	1	6.884486652042782	0.0	1.1591979460141753
977	2	6.88653164253051	0.6931471805599453	1.156926320698794
979	1	6.889591308354466	0.0	1.153527569269869
982	10	6.891625897052253	2.302585092994046	1.151267498516475
984	2	6.892641641172089	0.6931471805599453	1.15013918517203
985	2	6.894670039433482	0.6931471805599453	1.1478859909063805
987	1	6.895682697747868	0.0	1.1467611053498974
988	1	6.8966943316227125	0.0	1.145637357765846
989	8	6.898714534329988	2.0794415416798357	1.143393267321617
991	1	6.900730664045173	0.0	1.1411537012563517
993	1	6.902742737158593	0.0	1.1389186413632766
995	1	6.90875477931522	0.0	1.1322403182893597
1001	2	6.910750787961936	0.6931471805599453	1.130023103197746
1003	1	6.911747300251674	0.0	1.1289161530392766
1004	1	6.912742820493176	0.0	1.1278103048721873
1005	1	6.9167150203536085	0.0	1.123397888376922
1009	1	6.919683849847411	0.0	1.1201000401592198
1012	1	6.923628628138427	0.0	1.1157180842121317
1016	7	6.933423025730715	1.9459101490553132	1.1048382284606921
1026	1	6.934397209928558	0.0	1.1037560808913298
1027	1	6.940222469119639	0.0	1.0972852408915719
1033	1	6.9411900550683745	0.0	1.0962104228182623
1034	2	6.942156705699469	0.6931471805599453	1.095136643718603
1035	2	6.943122422819428	0.6931471805599453	1.0940639015858844
1036	2	6.9440872082295275	0.6931471805599453	1.0929921944192031
1037	1	6.945051063725834	0.0	1.0919215202234467
1038	4	6.946013991099227	1.3862943611198906	1.0908518770092606
1039	3	6.948897222313312	1.0986122886681098	1.08764911344859
1042	1	6.950814768442584	0.0	1.0855190564352188
1044	1	6.954638864880987	0.0	1.0812711568336963
1048	3	6.955592608396297	1.0986122886681098	1.0802117152730828
1049	2	6.956545443151569	0.6931471805599453	1.0791532831852857
1050	1	6.957497370876951	0.0	1.0780958586484148
1051	10	6.9584483932976555	2.302585092994046	1.0770394397460628
1052	22	6.959398512133975	3.091042453358316	1.0759840245672851
1053	17	6.960347729101308	2.833213344056216	1.074929611206577
1054	16	6.961296045910167	2.772588722239781	1.0738761977638571
1055	29	6.962243464266207	3.367295829986474	1.0728237823444449
1056	17	6.963189985870238	2.833213344056216	1.0717723630590372
1057	11	6.964135612418245	2.3978952727983707	1.070721938023694
1058	14	6.9650803456014065	2.6390573296152584	1.0696725053598115
1059	6	6.966024187106113	1.791759469228055	1.0686240631941075
1060	11	6.966967138613983	2.3978952727983707	1.0675766096585972
1061	6	6.967909201801884	1.791759469228055	1.066530142890577
1062	7	6.968850378341948	1.9459101490553132	1.0654846610326016
1063	7	6.96979066990159	1.9459101490553132	1.064440162232466
1064	3	6.970730078143525	1.0986122886681098	1.0633966446431842
1065	4	6.97166860472579	1.3862943611198906	1.06235410642297
1066	9	6.9726062513017535	2.1972245773362196	1.0613125457352206
1067	3	6.97354301952014	1.0986122886681098	1.0602719607484916
1068	8	6.974478911025045	2.0794415416798357	1.0592323496364848
1069	5	6.975413927455952	1.6094379124341003	1.0581937105780188
1070	4	6.976348070447749	1.3862943611198906	1.0571560417570218
1071	6	6.977281341630747	1.791759469228055	1.0561193413625025
1072	4	6.9782137426306985	1.3862943611198906	1.0550836075885384
1073	5	6.97914527506881	1.6094379124341003	1.0540488386342508
1074	6	6.980075940561763	1.791759469228055	1.0530150327037937
1075	3	6.98100574072173	1.0986122886681098	1.051982188006324
1076	5	6.981934677156389	1.6094379124341003	1.0509503027559939
1077	4	6.982862751468942	1.3862943611198906	1.0499193751719282
1078	6	6.983789965258135	1.791759469228055	1.048889403478202
1079	1	6.985641817639208	0.0	1.0468323206827366
1081	8	6.9865664594064265	2.0794415416798357	1.045805206053756
1082	4	6.9874902470009905	1.3862943611198906	1.044779040260594
1083	3	6.988413181999592	1.0986122886681098	1.0437538215518254
1084	1	6.98933526597456	0.0	1.0427295481808656
1085	4	6.990256500493881	1.3862943611198906	1.0417062184059596
1086	3	6.992096427415888	1.0986122886681098	1.0396623827013132
1088	4	6.9930151229329605	1.3862943611198906	1.0386418733120353
1089	2	6.993932975223189	0.6931471805599453	1.037622300599704
1090	2	6.994849985833071	0.6931471805599453	1.0366036628464332
1091	1	6.9957661563048505	0.0	1.035585958339058
1092	2	6.996681488176539	0.6931471805599453	1.0345691853691203
1093	1	6.9975959829819265	0.0	1.033553342232847
1094	2	6.9985096422506015	0.6931471805599453	1.0325384272311338
1095	1	6.999422467507961	0.0	1.0315244386695337
1096	2	7.00033446027523	0.6931471805599453	1.030511374858233
1097	3	7.001245622069476	1.0986122886681098	1.029499234112035
1098	5	7.002155954403621	1.6094379124341003	1.0284880147503488
1099	1	7.003065458786462	0.0	1.0274777150971675
1100	2	7.00397413672268	0.6931471805599453	1.026468333481053
1101	2	7.004881989712859	0.6931471805599453	1.0254598682351208
1102	1	7.005789019253503	0.0	1.0244523176970182
1103	1	7.00669522683704	0.0	1.0234456802089191
1104	3	7.007600613951853	1.0986122886681098	1.022439954117492
1105	2	7.00850518208228	0.6931471805599453	1.0214351377738966
1106	2	7.009408932708637	0.6931471805599453	1.0204312295337639
1107	4	7.010311867307229	1.3862943611198906	1.0194282277571762
1108	4	7.011213987350367	1.3862943611198906	1.0184261308086562
1109	6	7.01301578963963	1.791759469228055	1.0164246448760013
1111	3	7.013915474810528	1.0986122886681098	1.0154252526429577
1112	3	7.014814351275545	1.0986122886681098	1.0144267587401314
1113	2	7.01571242048723	0.6931471805599453	1.013429161553998
1114	1	7.016609683894219	0.0	1.0124324594753755
1115	2	7.017506142941256	0.6931471805599453	1.011436650899408
1116	5	7.018401799069201	1.6094379124341003	1.0104417342255525
1117	2	7.0192966537150445	0.6931471805599453	1.0094477078575652
1118	4	7.02108396428914	1.3862943611198906	1.0074623196756018
1120	2	7.023758954738443	0.6931471805599453	1.0044908750358816
1123	1	7.024649030453636	0.0	1.0035021572206286
1124	1	7.025538314638521	0.0	1.0025143186565497
1125	1	7.026426808699636	0.0	1.0015273577812271
1126	2	7.027314514039777	0.6931471805599453	1.0005412730364016
1127	1	7.029087564149662	0.0	0.9985717257259248
1129	1	7.030857476116121	0.0	0.996605664341712
1131	3	7.0317412587631285	1.0986122886681098	0.9956239370201017
1132	5	7.0326242610280065	1.6094379124341003	0.9946430765659953
1133	2	7.035268599281097	0.6931471805599453	0.9917056811334986
1136	1	7.036148493750536	0.0	0.9907282728943718
1137	2	7.037027614686276	0.6931471805599453	0.9897517239153455
1138	3	7.037905963447182	1.0986122886681098	0.9887760326869612
1139	2	7.040536390215956	0.6931471805599453	0.9858540904705739
1142	1	7.04141166379481	0.0	0.9848818152294214
1143	2	7.044032897274685	0.6931471805599453	0.9819700851425868
1146	3	7.044905117129371	1.0986122886681098	0.9810012020527275
1147	4	7.046647277848756	1.3862943611198906	0.9790659674306763
1149	1	7.047517221357296	0.0	0.9780996129616408
1150	2	7.048386408721883	0.6931471805599453	0.9771340984357524
1151	2	7.052721049232323	0.6931471805599453	0.9723190740257701
1156	2	7.05444965813294	0.6931471805599453	0.9703988930945631
1158	1	7.055312843339752	0.0	0.969440045911937
1159	1	7.05617528410041	0.0	0.9684820256782558
1160	3	7.057036981697891	1.0986122886681098	0.96752483096836
1161	2	7.057897937411856	0.6931471805599453	0.9665684603607696
1162	6	7.059617628291383	1.791759469228055	0.9646581857849199
1164	3	7.060476365999801	1.0986122886681098	0.963704278991993
1165	2	7.062191632286556	0.6931471805599453	0.9617989193617182
1167	1	7.0630481633881725	0.0	0.9608474637214499
1168	1	7.064759027791802	0.0	0.9589469938103221
1170	1	7.065613363597717	0.0	0.9579979767580671
1171	2	7.067319848653476	0.6931471805599453	0.9561023715333761
1173	1	7.068172000388042	0.0	0.9551557806008493
1174	1	7.069874128458572	0.0	0.9532650152216267
1176	1	7.0707241072602764	0.0	0.9523208380359254
1177	1	7.071573364211532	0.0	0.9513774626993099
1178	1	7.072421900537371	0.0	0.9504348878509852
1179	1	7.07326971745971	0.0	0.9494931121336156
1180	1	7.074116816197362	0.0	0.9485521341933145
1181	4	7.075808863978387	1.3862943611198906	0.9466725662455531
1183	1	7.076653815443951	0.0	0.9457339735474637
1184	1	7.079184394609668	0.0	0.942922944484045
1187	2	7.080867896690782	0.6931471805599453	0.9410528693081925
1189	1	7.081708586105575	0.0	0.9401190110000597
1190	1	7.083387847625295	0.0	0.9382536463432389
1192	1	7.084226422097916	0.0	0.9373221373644594
1193	1	7.086737934510577	0.0	0.9345322881154141
1196	2	7.087573705557973	0.6931471805599453	0.9336038932497548
1197	3	7.089243155027514	1.0986122886681098	0.9317494280576097
1199	2	7.091742115095153	0.6931471805599453	0.928973522259593
1202	1	7.0925737159746784	0.0	0.9280497597181236
1203	2	7.094234845924755	0.6931471805599453	0.92620453605113
1205	3	7.095893221097532	1.0986122886681098	0.9243623724579573
1207	1	7.097548850614793	0.0	0.9225232588059029
1209	3	7.098375638590786	1.0986122886681098	0.921604842555074
1210	1	7.10085190894405	0.0	0.9188541410452338
1213	2	7.101675971619444	0.6931471805599453	0.9179387521247877
1214	2	7.102499355774649	0.6931471805599453	0.9170241169211168
1215	1	7.103322062526113	0.0	0.9161102341940452
1216	1	7.1049654482698426	0.0	0.9142847212242806
1218	2	7.106606137727303	0.6931471805599453	0.912462203355072
1220	2	7.107425474110705	0.6931471805599453	0.9115520645150541
1221	1	7.108244139731541	0.0	0.9106426707744557
1222	1	7.109062135687172	0.0	0.9097340209143008
1223	4	7.1098794630722715	1.3862943611198906	0.9088261137186011
1224	1	7.110696122978827	0.0	0.9079189479743492
1225	4	7.111512116496157	1.3862943611198906	0.9070125224715033
1226	1	7.112327444710911	0.0	0.9061068360029871
1227	7	7.113142108707088	1.9459101490553132	0.9052018873646688
1228	2	7.113956109566034	0.6931471805599453	0.9042976753553598
1229	2	7.114769448366463	0.6931471805599453	0.9033941987768026
1230	1	7.116394144093465	0.0	0.9015894471335075
1232	1	7.117205503164344	0.0	0.9006881696868234
1233	1	7.119635638017636	0.0	0.8979887166156946
1236	3	7.121252453244542	1.0986122886681098	0.8961927188241283
1238	1	7.122866658599083	0.0	0.8943996201424449
1240	21	7.124478262493424	3.044522437723423	0.8926094112262071
1242	1	7.130098510125578	0.0	0.8863663030667688
1249	2	7.1308988302963465	0.6931471805599453	0.8854772878995885
1250	1	7.1316985104669115	0.0	0.8845889836602465
1251	1	7.132497551660044	0.0	0.8837013892126224
1252	1	7.133295954896068	0.0	0.8828145034233144
1253	2	7.134093721192866	0.6931471805599453	0.8819283251616357
1254	2	7.136483208590247	0.6931471805599453	0.8792740242760084
1257	1	7.138866999945524	0.0	0.8766260506928907
1260	1	7.13966033596492	0.0	0.8757447936914131
1261	2	7.140453043101158	0.6931471805599453	0.8748642352686886
1262	1	7.142036574706803	0.0	0.8731052097354768
1264	8	7.142827401161621	2.0794415416798357	0.8722267404195465
1265	4	7.144407180321139	1.3862943611198906	0.8704718831950231
1267	19	7.145196134997171	2.9444389791664403	0.8695954930966243
1268	1	7.1459844677143876	0.0	0.8687197938852496
1269	1	7.146772179452637	0.0	0.8678447844724584
1270	2	7.149131598557407	0.6931471805599453	0.8652238841796933
1273	1	7.151485463904735	0.0	0.8626091531361624
1276	1	7.15305163493748	0.0	0.8608694121507883
1278	1	7.154615356913663	0.0	0.8591323916371811
1280	4	7.156176637480615	1.3862943611198906	0.8573980831004988
1282	2	7.167809184316444	0.6931471805599453	0.844476366333013
1297	1	7.168579897264035	0.0	0.8436202395915213
1298	1	7.175489713624222	0.0	0.8359446470336938
1307	1	7.176254532017144	0.0	0.8350950681073082
1308	1	7.1785454837637	0.0	0.8325502230261099
1311	2	7.179307969504034	0.6931471805599453	0.8317032352671179
1312	5	7.180069874302796	1.6094379124341003	0.8308568928321955
1313	1	7.1808311990445555	0.0	0.8300111947387396
1314	1	7.182352111885263	0.0	0.8283217276570234
1316	42	7.183870715062453	3.7376696182833684	0.82663482620588
1318	1	7.1846291527173145	0.0	0.8257923351589724
1319	1	7.186144304522325	0.0	0.8241092675762323
1321	1	7.187657164114956	0.0	0.8224287462389146
1323	1	7.1891677384203225	0.0	0.8207507634544342
1325	12	7.189922170745808	2.4849066497880004	0.8199127216250961
1326	1	7.190676034332207	0.0	0.8190753115650073
1327	3	7.191429330036379	1.0986122886681098	0.8182385323223498
1328	3	7.192182058713246	1.0986122886681098	0.8174023829474528
1329	1	7.1929342212158	0.0	0.8165668624927926
1330	1	7.193685818395112	0.0	0.8157319700129788
1331	1	7.195187320178709	0.0	0.8140640652069768
1333	1	7.195937226475569	0.0	0.8132310510006358
1334	2	7.19668657083435	0.6931471805599453	0.8123986610088192
1335	2	7.199678345691172	0.6931471805599453	0.8090753245221896
1339	1	7.205635176410364	0.0	0.8024583316597003
1347	22	7.206377291472252	3.091042453358316	0.8016339721472097
1348	1	7.208600337960199	0.0	0.7991645578836248
1351	1	7.215239978730097	0.0	0.791789082961639
1360	2	7.215975002651466	0.6931471805599453	0.7909726004610071
1361	1	7.217443431696533	0.0	0.7893414336596773
1363	1	7.221105098182496	0.0	0.785273965211335
1368	17	7.224753405767971	2.833213344056216	0.7812213361555056
1373	1	7.226936018493289	0.0	0.778796836701714
1376	1	7.22983877815125	0.0	0.7755723804692458
1380	1	7.2305631534092925	0.0	0.774767726763578
1381	1	7.232010331664759	0.0	0.7731601658576892
1383	2	7.233455418621439	0.6931471805599453	0.7715549280175029
1385	1	7.234177179749849	0.0	0.7707531781507964
1386	1	7.237778191923443	0.0	0.7667530859921179
1391	1	7.239214973779806	0.0	0.7651570736599442
1393	1	7.2399325913204695	0.0	0.7643599265915757
1394	1	7.241366283322318	0.0	0.7627673465451625
1396	2	7.247080584585756	0.6931471805599453	0.7564197613179271
1404	12	7.247792581767846	2.4849066497880004	0.7556288574809553
1405	1	7.251344983372214	0.0	0.7516827631282883
1410	1	7.258412150595307	0.0	0.7438323813938261
1420	1	7.259116128097101	0.0	0.7430503860133442
1421	2	7.260522598089852	0.6931471805599453	0.7414880448386381
1423	1	7.262628600974241	0.0	0.7391486454648248
1426	2	7.2640301428995295	0.6931471805599453	0.7375917785076638
1428	4	7.264730177929867	1.3862943611198906	0.7368141625206412
1429	1	7.266827347520591	0.0	0.7344845753848936
1432	1	7.2682230211595655	0.0	0.7329342270633106
1434	1	7.273786317844895	0.0	0.7267543814047563
1442	1	7.274479558773871	0.0	0.7259843124712475
1443	3	7.286191714702382	1.0986122886681098	0.7129741639817766
1460	1	7.288244401020124	0.0	0.7106939899506983
1463	1	7.293697720601438	0.0	0.7046363095418577
1471	1	7.295735072749282	0.0	0.7023731690807349
1474	1	7.297091005160418	0.0	0.7008669662844067
1476	1	7.298445101508147	0.0	0.6993628030320949
1478	1	7.3031700512368	0.0	0.6941142136220595
1485	9	7.306531398939505	2.1972245773362196	0.6903803466035665
1490	1	7.317212408359839	0.0	0.6785156208072074
1506	1	7.317876198626496	0.0	0.677778266387767
1507	25	7.329093736246592	3.2188758248682006	0.6653175519800634
1524	1	7.352441100243583	0.0	0.6393827305609641
1560	2	7.356279876550748	0.6931471805599453	0.6351185242031487
1566	1	7.357556200910353	0.0	0.6337007519722686
1568	53	7.358830898342354	3.970291913552122	0.6322847869722548
1570	1	7.359467638255621	0.0	0.6315774807451735
1571	20	7.368339686311381	2.995732273553991	0.6217221933569519
1585	1	7.374001859350161	0.0	0.6154325134331824
1594	1	7.3987862754199485	0.0	0.5879013795189039
1634	2	7.40184157874383	0.6931471805599453	0.5845074740614713
1639	1	7.434847875211999	0.0	0.5478432748517417
1694	1	7.479299637782834	0.0	0.49846517271621416
1771	7	7.4798641311650265	1.9459101490553132	0.49783811969809477
1772	21	7.480428306074208	3.044522437723423	0.4972114204475666
1773	24	7.480992162869525	3.1780538303479458	0.4965850745656759
1774	9	7.4815557019095165	2.1972245773362196	0.4959590816541528
1775	11	7.4821189235521155	2.3978952727983707	0.49533344131539536
1776	8	7.482681828154651	2.0794415416798357	0.4947081531524731
1777	9	7.48324441607385	2.1972245773362196	0.49408321676912514
1778	6	7.483806687665835	1.791759469228055	0.493458631769764
1779	4	7.484368643286131	1.3862943611198906	0.49283439775946114
1780	4	7.484930283289661	1.3862943611198906	0.49221051434396124
1781	3	7.485491608030754	1.0986122886681098	0.49158698112966626
1782	2	7.48605261786314	0.6931471805599453	0.4909637977236425
1783	2	7.487173694213739	0.6931471805599453	0.48971847876799046
1785	4	7.487733761436444	1.3862943611198906	0.48909634243579525
1786	1	7.488293515159428	0.0	0.4884745543467357
1787	1	7.488852955733459	0.0	0.4878531141111715
1788	1	7.489412083508719	0.0	0.48723202134011245
1789	2	7.489970898834801	0.6931471805599453	0.48661127564522033
1790	1	7.490529402060711	0.0	0.48599087663881235
1791	3	7.491087593534876	1.0986122886681098	0.4853708239338488
1792	2	7.491645473605133	0.6931471805599453	0.48475111714394004
1793	2	7.492203042618741	0.6931471805599453	0.4841317558833449
1794	1	7.493317248862145	0.0	0.4828940684103422
1796	5	7.493873886783559	1.6094379124341003	0.48227574142966745
1797	34	7.494430215031565	3.5263605246161616	0.4816577584417683
1798	1	7.4949862339505335	0.0	0.48104011906410804
1799	2	7.495541943884256	0.6931471805599453	0.48042282291479665
1800	3	7.496097345175956	1.0986122886681098	0.4798058696125729
1801	2	7.496652438168283	0.6931471805599453	0.4791892587768114
1802	4	7.497207223203318	1.3862943611198906	0.4785729900275246
1803	2	7.4977617006225685	0.6931471805599453	0.47795706298535023
1804	3	7.498315870766981	1.0986122886681098	0.4773414772715636
1805	1	7.4999765409521215	0.0	0.47549676432267596
1808	3	7.502738210754851	1.0986122886681098	0.47242903414287873
1813	4	7.505492274737424	1.3862943611198906	0.46936975269363224
1818	1	7.507141079727608	0.0	0.4675382198927185
1821	1	7.508787170634276	0.0	0.4657097019619769
1824	1	7.511524648390866	0.0	0.46266884489712545
1829	2	7.512071245835466	0.6931471805599453	0.46206167112300456
1830	3	7.515344571180436	1.0986122886681098	0.4584255814865319
1836	1	7.515889085215125	0.0	0.4578207220149597
1837	1	7.516433302915632	0.0	0.45721619171862216
1838	1	7.516977224604321	0.0	0.4566119902394359
1839	2	7.517520850603031	0.6931471805599453	0.45600811721988777
1840	4	7.518064181233078	1.3862943611198906	0.4554045723030562
1841	3	7.518607216815252	1.0986122886681098	0.45480135513260045
1842	1	7.520776415062797	0.0	0.4523917568079252
1846	1	7.521859252201629	0.0	0.4511889149014383
1848	1	7.524021415206125	0.0	0.4487871314963492
1852	1	7.526717561352706	0.0	0.44579218659206
1857	1	7.529406457837013	0.0	0.4428052947894603
1862	1	7.529943370601589	0.0	0.44220887899413874
1863	1	7.531552381407289	0.0	0.44042155054401455
1866	1	7.533693709848633	0.0	0.4380429106798722
1870	1	7.54274354536855	0.0	0.4279901326398541
1887	1	7.549609165154532	0.0	0.4203636347146986
1900	1	7.550135342488429	0.0	0.41977914409763706
1901	1	7.5569505720129	0.0	0.41220862090409227
1914	2	7.560601162768557	0.6931471805599453	0.4081534556471329
1921	1	7.562161631225652	0.0	0.40642004922188946
1924	49	7.5688956634069955	3.8918202981106265	0.3989397220176656
1937	1	7.571473648851271	0.0	0.39607603290368587
1942	1	7.577121930876679	0.0	0.38980178345640226
1953	2	7.602401335665818	0.6931471805599453	0.3617208039988533
2003	1	7.643961949002529	0.0	0.31555426095379246
2088	1	7.6487397889562425	0.0	0.3102469197916573
2098	3	7.649692623711514	1.0986122886681098	0.3091884877038602
2100	4	7.653494909661253	1.3862943611198906	0.30496481572514966
2108	1	7.655390644826152	0.0	0.3028589868630185
2112	1	7.660114319173928	0.0	0.29761181417717175
2122	1	7.672292455628756	0.0	0.2840840431528253
2148	2	7.679251425953058	0.6931471805599453	0.276353849172688
2163	6	7.679713639966372	1.791759469228055	0.27584041057232866
2164	1	7.680637427560936	0.0	0.2748142447791686
2166	1	7.699389406256737	0.0	0.25398408944372974
2207	1	7.705262474866325	0.0	0.24746014157572205
2220	1	7.719573989259581	0.0	0.23156256229980166
2252	2	7.759187438507795	0.6931471805599453	0.18755897661966436
2343	43	7.7651449029361315	3.7612001156935624	0.1809412798175991
2357	10	7.768110378525988	2.302585092994046	0.17764715719820856
2364	9	7.768533300926033	2.1972245773362196	0.1771773646802739
2365	52	7.768956044538332	3.9512437185814275	0.1767077707641267
2366	23	7.769378609513984	3.1354942159291497	0.1762383752819261
2367	23	7.769800996003896	3.1354942159291497	0.1757691780660373
2368	21	7.7702232041587855	3.044522437723423	0.17530017894904226
2369	23	7.7706452341291765	3.1354942159291497	0.17483137776373603
2370	9	7.771067086065406	2.1972245773362196	0.17436277434311798
2371	22	7.771488760117616	3.091042453358316	0.17389436852040774
2372	8	7.771910256435763	2.0794415416798357	0.17342616012902745
2373	6	7.772331575169614	1.791759469228055	0.17295814900261774
2374	8	7.772752716468742	2.0794415416798357	0.1724903349750253
2375	7	7.773173680482536	1.9459101490553132	0.17202271788030643
2376	12	7.773594467360194	2.4849066497880004	0.1715552975527288
2377	12	7.774015077250727	2.4849066497880004	0.17108807382676616
2378	4	7.774435510302958	1.3862943611198906	0.17062104653710364
2379	8	7.77485576666552	2.0794415416798357	0.1701542155186342
2380	10	7.7752758464868625	2.302585092994046	0.16968758060645683
2381	5	7.775695749915245	1.6094379124341003	0.16922114163588375
2382	6	7.776115477098742	1.791759469228055	0.16875489844242786
2383	4	7.776535028185241	1.3862943611198906	0.16828885086181344
2384	6	7.776954403322442	1.791759469228055	0.1678229987299691
2385	4	7.777373602657861	1.3862943611198906	0.16735734188303297
2386	3	7.77779262633883	1.0986122886681098	0.1668918801573458
2387	6	7.77863014732581	1.791759469228055	0.16596154141611308
2389	2	7.779048644925556	0.6931471805599453	0.1654966640742792
2390	6	7.779466967458324	1.791759469228055	0.16503198120111584
2391	3	7.779885115070522	1.0986122886681098	0.16456749263398684
2392	2	7.780303087908373	0.6931471805599453	0.16410319821046748
2393	1	7.780720886117918	0.0	0.1636390977683284
2394	4	7.78155595923534	1.3862943611198906	0.1627114781803094
2396	5	7.781973234434385	1.6094379124341003	0.16224795871099218
2397	2	7.7823903355874595	0.6931471805599453	0.16178463257618425
2398	3	7.783224016336037	1.0986122886681098	0.16085855966544038
2400	2	7.783640596221253	0.6931471805599453	0.16039581256768365
2401	1	7.784057002639929	0.0	0.15993325816079107
2402	7	7.784889295655098	1.9459101490553132	0.15900872677816658
2404	4	7.785305182539862	1.3862943611198906	0.15854674948221614
2405	2	7.785720896534624	0.6931471805599453	0.15808496423669816
2406	2	7.786136437783072	0.6931471805599453	0.15762337088199807
2407	4	7.786551806428712	1.3862943611198906	0.1571619692587074
2408	1	7.786967002614872	0.0	0.15670075920761484
2409	4	7.787382026484701	1.3862943611198906	0.15623974056970447
2410	2	7.787796878181171	0.6931471805599453	0.1557789131861611
2411	2	7.788211557847076	0.6931471805599453	0.15531827689836675
2412	1	7.7886260656250315	0.0	0.154857831547897
2413	2	7.789454566086673	0.6931471805599453	0.15393751302623926
2415	2	7.789868559054706	0.6931471805599453	0.15347763953919014
2416	4	7.790282380703483	1.3862943611198906	0.1530179563577505
2417	1	7.791935956938058	0.0	0.15118112354218738
2421	2	7.792348924113037	0.6931471805599453	0.15072238953108297
2422	3	7.793174347189205	1.0986122886681098	0.1498054894442742
2424	2	7.793586803371584	0.6931471805599453	0.14934732305621523
2425	2	7.793999089503996	0.6931471805599453	0.1488893455638074
2426	1	7.794411205726601	0.0	0.14843155681135656
2427	2	7.794823152179389	0.6931471805599453	0.14797395664336044
2428	1	7.795646536334594	0.0	0.14705932143969136
2430	1	7.796057974316123	0.0	0.1466022860939713
2431	5	7.79770203551669	1.6094379124341003	0.14477602281027657
2435	1	7.799753318287247	0.0	0.1424974078736465
2440	2	7.80016307039296	0.6931471805599453	0.1420422452399066
2441	2	7.80057265467065	0.6931471805599453	0.14158726903362862
2442	1	7.8013913202914855	0.0	0.14067787529302933
2444	3	7.801800401908973	1.0986122886681098	0.14022345745396514
2445	2	7.804659297056102	0.6931471805599453	0.13704772699007783
2452	2	7.805474625270857	0.6931471805599453	0.13614204052156076
2454	1	7.805882040228621	0.0	0.1356894740487693
2455	2	7.806696372521179	0.6931471805599453	0.13478489387492232
2457	3	7.8083230503910555	1.0986122886681098	0.13297794041897326
2461	2	7.808729306744399	0.6931471805599453	0.13252666095223375
2462	1	7.80954132465341	0.0	0.13162465165208204
2464	3	7.80994708647679	1.0986122886681098	0.13117392152128815
2465	4	7.811163385025279	1.3862943611198906	0.12982282742555107
2468	47	7.8119734296220225	3.8501476017100584	0.12892301012879948
2470	2	7.812782818577581	0.6931471805599453	0.1280239211342682
2472	1	7.815207062189088	0.0	0.1253310121982132
2478	1	7.816416983691801	0.0	0.12398700188047407
2481	6	7.818430272070656	1.791759469228055	0.12175059204090921
2486	2	7.818832443803404	0.6931471805599453	0.12130384987036003
2487	1	7.820840879907344	0.0	0.11907283005612967
2492	1	7.822044008185619	0.0	0.11773636581779456
2495	1	7.822444729489319	0.0	0.117291234819211
2496	3	7.823245690685523	1.0986122886681098	0.1164015075853424
2498	2	7.826842098158293	0.6931471805599453	0.11240653044065851
2507	1	7.827240901752812	0.0	0.11196352968021017
2508	5	7.828038032125829	1.6094379124341003	0.11107805781817781
2510	2	7.828436359157585	0.6931471805599453	0.11063558643527038
2511	4	7.83002808253384	1.3862943611198906	0.1088674612834506
2515	1	7.830425617820331	0.0	0.10842586939049603
2516	1	7.831617276352611	0.0	0.1071021460257846
2519	3	7.833203948641057	1.0986122886681098	0.10533963174550998
2523	1	7.835974581721566	0.0	0.10226194493812102
2530	1	7.836369760545124	0.0	0.10182297066167045
2531	2	7.837948916025283	0.6931471805599453	0.1000688062353916
2535	1	7.8383433155571165	0.0	0.09963069761519883
2536	1	7.8434564043761155	0.0	0.09395095383607988
2549	4	7.844240718141811	1.3862943611198906	0.09307971897408507
2551	2	7.846198815497425	0.6931471805599453	0.09090461666936278
2556	2	7.847371836159788	0.6931471805599453	0.08960159670517243
2559	1	7.8632667240095735	0.0	0.07194516757193448
2600	3	7.86403565907245	1.0986122886681098	0.07109101574815035
2602	1	7.8655717576847906	0.0	0.06938467994089059
2606	7	7.867105500316739	1.9459101490553132	0.06768096121411915
2610	3	7.8674885686991285	1.0986122886681098	0.06725543951111845
2611	5	7.870165946469845	1.6094379124341003	0.06428134297654076
2618	4	7.873978379604501	1.3862943611198906	0.060046399257313254
2628	1	7.891330757661889	0.0	0.04077095445022394
2674	1	7.893572073504902	0.0	0.03828124614140371
2680	3	7.898411092811599	1.0986122886681098	0.032905945461681796
2693	10	7.901377353792616	2.302585092994046	0.029610950410633663
2701	1	7.903226808730733	0.0	0.027556530753281905
2706	3	7.906547232368036	1.0986122886681098	0.02386812318485987
2715	1	7.916078096302786	0.0	0.013281007048352222
2741	7	7.9215356321335495	1.9459101490553132	0.007218643126780222
2756	10	7.921898411023797	2.302585092994046	0.006815659486553827
2757	3	7.9420068084898565	1.0986122886681098	-0.015521238904788959
2813	10	7.953318346560431	2.302585092994046	-0.0280863713057542
2845	10	7.989560449333865	2.302585092994046	-0.06834498308748316
2950	6	7.992268643270745	1.791759469228055	-0.07135331097110864
2958	70	8.000014093678072	4.248495242049359	-0.07995714621136862
2981	11	8.04044688130311	2.3978952727983707	-0.12487087294586452
3104	2	8.069342366811636	0.6931471805599453	-0.1569686830703123
3195	14	8.10892415597534	2.6390573296152584	-0.20093709995631848
3324	35	8.327242607457793	3.5553480614894135	-0.4434505611085573
4135	18	8.865735152124781	2.8903717578961645	-1.041621214688723
