> n=10000 m=5 18/02/2021 17:46:30
50 50 50 57 58 60 60 61 63 63 65 67 67 68 68 68 70 77 78 85 87 94 94 95 96 101 102 105 105 108 111 111 112 113 119 121 122 122 123 124 126 126 126 127 128 137 137 138 139 139 139 139 142 144 146 146 146 146 154 156 158 165 166 167 168 168 168 169 170 171 172 173 175 176 183 183 196 199 200 201 201 201 202 205 205 209 210 210 211 213 215 215 216 216 216 216 216 216 224 225 227 233 233 233 234 235 235 235 236 236 238 239 241 242 242 245 245 245 245 245 246 247 249 249 249 249 249 249 250 250 251 251 251 251 251 253 254 254 255 256 257 257 260 261 261 261 261 261 270 271 271 271 271 273 278 279 279 279 279 279 281 282 284 284 286 287 287 287 287 287 288 290 292 292 292 293 296 297 297 299
> n=10000 m=5 18/02/2021 17:48:06
145 148 148 150 154 156 158 162 166 166 171 175 177 179 182 183 186 187 189 190 194 200 203 212 215 218 221 221 223 226 227 229 233 235 241 242 243 247 248 251 251 252 253 256 259 260 265 265 268 270 272 274 277 282 292 293 294 296 297 298 301 303 314 315 316 318 318 322 324 326 327 327 328 331 340 343 345 346 347 348 348 355 364 366 367 367 371 373 374 374 376 377 379 381 383 383 386 388 389 392 393 393 394 400 401 402 404 404 404 405 405 411 412 413 414 415 415 417 420 424 424 425 428 430 432 433 433 433 434 435 435 437 438 441 442 442 442 442 450 452 454 457 457 459 459 461 462 462 462 463 463 463 463 465 467 471 472 477 482 484 488 488 489 493 495 495 495 495 495 496 498 502 503 506 507 510 511 513 514 514
121 127 131 132 133 137 146 150 151 152 153 154 160 162 163 166 170 171 173 174 180 180 180 181 182 185 187 188 189 193 194 201 202 211 211 213 217 219 220 221 223 226 228 229 233 235 236 237 239 241 246 249 249 249 251 252 253 253 254 255 265 265 265 265 271 272 272 274 276 279 279 282 285 286 287 288 288 289 289 289 290 291 292 293 294 299 299 301 302 312 312 315 316 316 318 320 320 320 321 326 326 327 330 331 331 333 343 343 344 345 345 346 347 348 349 349 349 349 350 351 353 353 356 357 358 364 366 367 367 374 375 375 376 377 378 378 379 380 381 381 383 390 392 395 401 401 403 403 412 414 414 414 416 418 419 420 423 424 424 424 424 426 427 433 434 435 437 437 437 437 438 443 444 446 447 448 448 449 449 450
147 156 162 172 175 177 187 190 193 196 198 204 206 213 216 220 222 224 227 230 230 238 240 244 245 248 250 254 259 261 263 278 279 281 284 286 296 297 299 301 304 306 308 314 317 325 328 331 331 333 334 337 341 342 346 346 348 351 353 356 363 366 366 369 369 370 372 381 381 386 392 394 395 397 397 398 402 405 406 407 408 411 413 416 417 419 422 425 434 438 438 438 441 441 442 443 443 445 445 450 452 455 463 465 465 466 469 473 475 481 481 483 484 484 485 486 488 488 492 494 497 498 498 502 503 506 506 508 510 511 512 514 514 517 521 523 524 526 527 529 530 532 532 534 535 536 536 538 541 542 544 545 548 549 556 556 559 559 560 563 563 564 571 572 573 575 578 579 580 582 583 583 583 584 587 588 590 592 593 594
67 67 68 70 75 76 79 79 82 85 85 86 88 95 98 99 101 103 104 105 107 107 107 108 108 108 110 114 116 116 124 125 126 128 129 129 130 130 130 131 132 135 136 137 137 138 138 139 139 140 141 141 142 142 143 143 146 147 148 149 150 151 151 152 152 152 152 155 157 157 159 160 160 160 168 168 171 171 171 172 172 172 172 173 173 173 173 173 175 176 177 178 181 181 181 183 184 185 186 187 189 195 195 197 197 197 198 198 198 198 199 199 200 200 200 200 201 203 203 203 204 205 205 206 206 206 206 207 207 207 207 207 214 214 215 216 218 218 219 219 219 221 221 222 222 222 222 224 225 225 226 227 228 228 228 229 229 229 229 230 231 241 241 241 250 250 251 251 252 254 255 255 257 257 257 257 257 257 258 271
75 77 77 85 97 99 99 99 104 106 116 129 132 133 134 144 148 150 152 153 156 164 168 170 171 176 176 177 177 177 177 180 180 190 192 193 194 196 196 198 199 199 201 208 209 209 215 215 215 216 217 235 236 236 241 243 249 250 250 251 252 252 252 258 259 260 261 262 262 262 264 265 267 267 267 267 268 268 270 270 272 272 273 280 282 282 282 283 284 285 285 286 286 287 289 289 289 290 290 291 291 291 292 293 294 295 296 296 297 298 298 298 298 302 304 304 305 306 307 309 310 311 312 313 314 315 315 315 315 315 315 319 319 320 320 320 323 323 324 325 326 327 327 330 330 330 330 330 330 333 333 334 334 334 336 336 336 336 338 340 340 340 341 341 341 341 342 346 347 350 350 351 353 356 357 358 358 360 360 360
211 215 218 223 226 230 232 239 244 250 261 266 270 276 278 281 286 287 290 292 296 301 303 308 309 317 321 326 331 333 337 340 347 352 355 366 370 372 375 379 391 392 394 396 399 403 407 407 409 411 411 415 425 426 430 431 435 439 441 442 450 455 457 458 462 468 478 485 491 495 498 500 510 511 518 520 526 531 534 536 536 538 541 542 544 548 551 552 553 556 558 572 578 579 580 584 586 589 598 603 605 607 608 609 610 612 615 618 620 621 626 629 629 638 639 643 649 654 655 658 660 661 662 663 664 672 672 675 676 676 680 681 689 692 692 694 699 708 709 712 716 721 723 726 727 729 731 734 736 737 747 749 750 754 756 757 760 763 764 766 767 767 772 775 777 781 782 782 783 784 785 789 790 791 794 796 797 798 802 803
83 86 86 87 88 88 91 94 94 97 98 99 102 103 105 106 108 110 111 115 117 118 121 121 123 123 126 128 130 134 135 135 138 139 141 145 145 146 147 149 153 154 154 156 156 166 168 168 170 170 170 171 173 173 174 174 174 176 177 178 179 180 180 183 184 185 185 185 185 186 186 186 188 189 193 195 197 198 198 198 200 208 208 208 208 209 210 213 213 213 216 216 217 217 217 217 218 219 220 220 220 220 222 223 225 233 234 234 236 237 238 238 238 239 239 239 240 240 242 242 243 243 243 244 244 244 246 248 249 250 250 250 250 250 250 251 253 254 254 254 254 254 255 255 256 257 259 259 260 260 261 264 264 264 267 267 269 269 269 270 270 270 270 273 273 274 278 278 279 279 280 281 281 281 281 282 282 284 286 287
159 170 180 183 186 190 197 200 202 206 210 223 227 232 235 239 241 246 247 250 252 255 258 261 265 266 267 268 271 273 275 280 283 284 288 294 295 297 299 304 312 315 317 319 321 322 324 324 325 327 330 330 331 332 333 335 335 337 339 341 354 358 359 372 374 376 377 382 382 386 388 406 409 417 417 424 427 430 432 432 434 434 437 438 439 446 449 449 453 453 454 456 457 466 467 469 471 472 473 475 476 479 481 484 485 488 488 489 491 491 491 493 496 497 498 501 506 508 509 511 513 516 517 517 519 521 523 525 525 535 545 556 556 563 564 566 569 572 575 576 578 583 590 592 592 592 592 594 603 608 611 612 613 615 615 616 619 621 622 626 626 627 628 628 631 631 639 643 645 647 648 650 651 652 652 652 654 654 657 661
47 47 48 49 49 52 53 53 53 53 62 63 66 67 67 69 69 72 73 73 82 82 83 84 85 85 85 87 93 99 99 99 99 100 100 100 101 101 102 102 102 102 103 106 106 107 107 107 107 107 109 111 111 113 114 115 115 115 116 118 119 119 120 120 120 120 120 121 121 121 121 121 121 121 121 121 122 123 124 125 128 128 128 130 142 142 143 143 144 144 145 145 145 145 145 146 147 153 153 153 153 155 155 155 155 155 157 158 158 159 159 160 160 160 160 160 163 163 163 163 164 164 164 165 166 167 167 167 167 167 167 168 169 169 171 171 172 173 173 173 174 174 176 176 176 176 176 176 178 178 181 181 181 181 181 182 185 186 187 187 187 187 188 190 191 193 193 200 201 202 202 203 204 204 205 205 205 206 207 208
69 69 79 80 83 86 86 86 87 92 93 94 95 99 100 102 108 109 110 113 115 124 127 128 128 128 129 131 131 134 134 134 134 143 143 144 153 154 155 155 157 159 160 164 165 166 168 169 171 171 173 173 175 175 177 179 181 182 185 185 186 186 186 186 186 186 189 190 191 191 191 191 191 191 192 192 192 194 196 196 196 210 211 211 212 212 212 214 215 215 215 217 217 217 220 220 221 221 221 221 221 224 225 226 226 226 226 227 230 230 231 232 240 240 240 241 244 244 244 244 246 246 247 247 248 248 248 248 248 248 249 249 249 249 250 250 250 252 252 252 253 253 254 255 256 256 257 257 257 257 263 263 264 264 264 266 268 268 269 269 270 272 277 279 279 280 281 282 284 284 284 285 285 285 285 285 286 287 287 287
> n=10000 m=5 18/02/2021 18:07:31
254 262 271 277 283 287 291 304 309 314 319 325 332 334 335 337 340 352 353 356 360 361 363 365 370 374 377 379 381 387 395 398 405 408 413 416 420 422 427 433 442 442 444 449 452 455 459 465 466 467 470 473 478 481 486 487 494 498 502 503 504 504 509 513 516 519 521 524 526 531 533 539 544 549 553 554 556 557 559 562 567 573 575 576 579 585 586 589 592 594 599 604 610 610 615 618 619 621 625 627 630 630 634 635 638 641 641 641 641 641 642 643 644 645 648 649 651 655 656 658 658 659 660 661 662 662 663 666 669 672 673 675 677 679 683 686 689 691 692 692 694 697 697 700 700 702 707 708 709 711 713 717 718 720 720 720 723 724 724 727 730 740 740 745 746 747 747 748 748 750 750 751 752 755 756 758 758 759 761 762
108 110 115 118 121 122 125 127 127 133 135 139 141 150 152 153 156 158 158 159 162 163 163 165 171 172 173 175 184 185 189 191 193 193 193 194 194 195 200 201 202 206 206 207 207 208 208 208 208 208 209 212 214 215 216 218 219 220 223 223 224 226 229 232 233 236 237 237 238 239 240 242 243 244 246 248 251 251 252 253 253 256 259 259 263 265 275 277 277 278 278 278 279 280 282 283 287 288 290 290 299 300 300 300 308 310 311 312 313 314 314 317 326 326 327 327 329 331 333 334 335 335 335 336 336 338 338 338 340 340 341 343 345 349 352 358 359 362 364 365 367 367 368 370 371 371 372 374 376 376 376 379 380 381 383 385 387 387 387 387 389 392 392 392 392 393 394 394 395 395 396 396 397 398 400 401 402 403 404 405
125 127 135 137 140 143 146 147 148 154 158 160 172 174 180 184 194 196 198 201 208 208 213 214 216 224 226 231 232 235 238 239 246 248 255 259 260 261 263 264 268 270 272 275 281 283 284 286 287 288 288 289 292 294 294 295 295 297 297 299 307 316 317 319 320 326 326 334 336 338 338 341 341 342 342 343 344 345 347 349 350 350 351 359 360 360 361 361 364 364 364 365 366 367 370 370 371 373 373 373 375 376 378 379 379 382 382 382 383 391 394 394 395 396 398 399 402 404 406 408 411 411 412 413 414 414 417 419 426 426 428 430 430 431 433 433 436 438 442 443 452 453 453 453 455 457 458 460 460 461 463 463 464 465 466 467 468 468 469 471 471 474 476 476 479 479 479 480 481 482 485 487 489 490 491 491 491 491 491 491
47 47 47 47 48 48 50 51 51 52 52 55 55 57 58 60 60 63 69 76 76 77 84 87 87 88 89 89 90 90 90 92 97 97 109 110 111 112 113 114 114 115 115 116 116 116 116 116 117 118 118 119 122 122 129 129 132 132 133 133 133 133 133 135 135 136 144 144 144 144 144 144 144 145 145 145 145 146 147 147 155 156 156 157 158 159 162 164 165 167 167 169 170 171 171 172 172 172 174 175 175 175 175 175 176 177 177 177 178 178 178 178 178 178 178 178 180 181 181 181 181 187 187 188 188 188 188 188 189 190 192 193 193 193 193 193 195 196 197 199 200 200 200 200 201 203 203 203 203 203 205 206 206 209 209 217 218 221 222 223 223 223 223 223 223 228 228 230 230 233 234 234 234 235 243 243 243 243 243 250
98 101 102 103 103 103 108 112 114 115 115 115 122 122 123 130 133 135 137 137 137 140 141 143 144 145 147 155 156 156 157 158 160 160 160 160 162 165 166 166 170 170 172 172 174 175 176 177 178 178 180 180 180 180 181 182 183 184 187 188 189 189 192 194 201 202 203 207 208 208 210 210 212 215 215 217 219 220 221 222 223 223 224 225 225 229 229 229 232 234 234 235 237 238 241 241 241 242 246 247 248 248 249 251 252 253 254 255 256 265 265 265 265 267 270 270 270 271 272 273 273 275 275 276 278 279 279 279 279 280 280 281 282 282 282 282 282 282 282 283 284 285 286 286 286 287 288 288 289 289 289 290 292 292 293 294 294 295 298 298 298 299 300 300 300 300 300 301 303 303 304 304 304 305 305 305 305 308 308 308
107 107 107 107 107 107 111 112 118 124 127 128 136 139 141 152 155 158 159 162 162 163 164 165 167 167 169 170 173 174 177 185 187 188 188 188 188 190 193 200 207 208 208 208 209 210 212 214 216 223 224 225 225 227 229 231 237 237 247 247 256 263 265 266 266 269 271 273 275 275 285 286 287 288 290 296 298 300 301 302 302 302 302 302 303 304 304 304 304 305 308 310 315 316 316 322 322 322 331 337 339 348 358 359 360 360 363 365 365 372 373 373 374 378 379 380 384 389 391 391 391 391 393 393 395 395 396 397 399 400 403 405 405 405 408 410 411 412 415 415 418 418 425 426 431 432 439 439 441 444 452 456 458 460 462 463 465 467 468 469 472 472 472 473 476 478 478 486 492 492 492 494 495 496 496 498 504 505 508 510
78 89 91 99 107 116 125 127 135 135 136 137 137 146 146 149 150 152 154 156 160 170 172 180 186 190 196 197 206 207 210 219 220 220 221 228 232 235 237 239 239 240 253 256 257 257 264 265 265 267 273 282 292 294 295 295 296 297 300 300 303 319 322 322 322 337 338 344 347 350 351 362 362 362 362 364 368 369 370 371 381 384 384 385 387 395 395 396 398 399 400 403 404 408 409 411 412 412 412 414 415 415 417 419 419 429 429 429 430 432 437 438 438 439 446 448 449 449 450 451 452 463 464 465 468 470 472 481 482 487 489 491 492 495 497 498 498 500 502 502 505 506 509 516 516 516 522 523 529 535 535 536 540 542 543 546 547 548 548 549 554 559 560 560 560 562 562 562 563 563 563 567 567 571 572 573 575 575 576 576
56 57 64 64 66 66 67 67 68 68 68 73 75 78 79 81 81 87 87 87 88 90 90 90 90 91 92 92 93 93 93 93 93 94 105 105 107 115 116 116 117 117 119 119 120 120 131 138 142 142 145 146 148 148 151 151 151 151 151 152 152 152 152 161 162 163 163 163 163 163 163 164 165 166 168 171 174 174 174 175 176 177 177 180 180 180 182 183 189 189 190 195 195 198 201 201 202 204 204 204 204 205 205 205 206 206 206 214 215 216 217 218 218 218 225 230 231 232 233 235 239 239 240 241 243 243 247 247 247 247 253 253 253 255 256 264 265 265 266 266 266 266 266 266 266 267 267 268 269 270 273 273 280 282 282 283 284 284 284 287 287 287 287 293 294 294 294 295 296 297 297 297 297 298 298 298 299 299 299 299
74 74 75 75 77 77 79 81 82 83 86 88 90 92 92 93 95 97 99 99 99 99 99 100 101 101 103 104 106 107 111 113 114 115 115 117 120 120 123 125 130 131 134 135 136 137 138 139 139 139 142 144 145 146 147 148 149 149 152 152 153 153 154 155 155 157 159 167 168 169 169 170 171 171 174 174 175 177 177 177 177 178 179 179 180 180 181 182 183 185 186 186 187 187 188 188 189 189 190 190 191 191 191 192 192 193 195 195 195 195 196 200 200 201 202 202 202 202 202 203 209 210 211 213 216 216 217 217 217 217 218 219 219 219 219 219 220 220 221 222 222 223 224 224 224 224 225 226 227 227 227 227 228 228 228 228 228 229 230 230 234 234 235 236 236 239 239 239 241 241 242 242 242 243 245 245 245 246 246 246
100 106 110 114 116 119 120 123 124 127 129 131 137 139 140 141 142 143 148 150 152 154 155 157 158 162 163 164 167 167 168 171 172 172 175 175 176 179 183 184 191 191 192 193 193 196 197 200 201 202 203 204 206 209 219 221 224 225 227 228 228 229 231 233 233 235 235 237 239 239 240 240 240 243 245 250 251 252 254 254 255 256 260 264 264 264 264 265 269 269 270 270 270 271 271 272 273 275 275 276 277 277 277 279 279 279 280 282 283 283 284 284 284 286 286 286 286 287 287 289 289 289 289 290 293 295 296 301 301 302 302 303 304 304 304 307 308 309 311 312 312 313 313 313 313 318 320 323 323 326 327 328 328 330 331 332 333 336 337 338 339 339 339 339 339 341 341 342 343 344 344 345 346 348 350 351 351 352 353 355
152 153 155 155 159 160 164 165 168 173 176 180 183 186 189 192 193 194 196 198 203 203 205 206 208 214 216 219 222 224 228 229 230 231 235 236 239 240 242 242 244 245 246 248 249 250 250 251 253 253 253 254 255 257 257 257 260 267 277 282 283 286 287 288 289 290 292 292 293 294 299 300 300 301 303 306 307 308 309 309 311 313 313 315 318 319 322 322 324 326 329 330 330 332 334 334 335 345 348 350 351 351 352 354 354 356 358 359 359 360 362 362 363 365 366 367 367 368 369 370 371 372 373 374 376 376 378 380 382 383 384 385 387 390 390 391 393 394 394 394 396 396 397 400 401 403 403 404 406 406 407 408 410 413 415 415 417 419 420 425 426 426 426 428 430 433 434 434 436 438 439 441 441 444 444 445 446 446 446 449
53 55 55 56 58 61 63 63 63 63 64 64 64 64 64 66 67 67 68 70 71 71 71 72 72 72 72 73 73 74 77 77 80 80 80 81 82 83 84 85 86 86 87 88 95 95 95 98 99 99 99 102 102 103 104 104 104 104 109 110 110 111 111 111 112 112 112 112 113 113 113 114 114 114 115 116 117 117 117 118 118 119 121 121 122 122 122 122 122 122 123 123 123 123 123 125 125 125 126 126 127 127 127 129 130 132 133 140 140 140 140 140 141 142 142 143 143 143 143 152 153 156 157 158 160 160 160 161 161 161 161 162 168 168 170 173 175 178 180 182 182 182 184 185 186 187 187 189 189 191 192 192 193 193 199 200 200 202 202 202 203 204 205 205 205 215 215 215 215 215 215 216 217 217 218 219 228 228 229 230
75 77 81 85 87 87 92 95 99 107 109 112 115 116 118 121 125 136 137 137 138 140 141 142 142 142 145 146 148 150 152 153 157 159 160 161 161 165 165 166 166 167 169 170 172 173 175 176 177 178 182 182 183 185 186 186 187 189 190 197 197 212 213 215 217 217 218 218 221 224 225 226 226 228 229 231 232 235 236 237 237 237 238 238 238 238 238 239 240 241 241 244 244 244 244 246 252 253 255 255 257 259 260 267 272 272 273 273 274 275 276 278 279 279 279 279 281 281 282 283 286 287 287 288 289 289 290 291 293 293 294 295 296 297 299 300 301 301 301 302 302 302 304 304 305 305 305 306 306 316 317 319 326 326 327 328 330 330 330 331 333 333 335 336 336 337 339 339 339 340 340 340 341 342 343 343 343 343 343 344
128 130 136 136 137 140 151 154 155 161 161 162 166 170 172 177 179 179 184 185 187 188 191 192 197 197 207 209 220 224 226 227 236 237 239 240 241 244 254 258 265 267 270 275 275 275 279 282 288 288 290 290 293 296 298 302 302 307 309 310 315 315 317 317 317 323 331 333 333 335 338 340 352 352 359 360 363 364 366 372 374 375 379 379 383 383 385 387 390 395 397 399 404 404 407 415 418 421 421 421 422 422 431 431 434 434 436 439 440 440 440 451 451 453 453 454 455 457 466 466 466 468 468 469 469 474 477 477 479 480 484 484 486 488 495 496 498 501 502 504 506 508 509 509 509 509 509 510 511 512 512 512 513 513 514 515 519 521 521 522 522 525 528 528 530 530 538 538 538 539 541 542 542 543 545 548 549 550 550 552
77 77 78 80 82 83 84 84 86 87 89 98 100 102 103 103 104 105 108 109 111 114 116 118 119 119 121 123 125 126 127 133 135 135 136 137 139 139 140 141 143 154 157 157 159 161 167 167 173 174 174 175 178 180 180 180 181 181 188 190 190 190 191 192 202 203 203 204 206 207 209 211 214 216 218 230 230 231 232 233 235 237 245 255 258 259 261 262 264 266 268 269 269 274 274 282 285 286 287 288 288 289 290 291 291 292 293 295 297 298 298 300 300 312 315 315 315 317 317 318 318 319 320 321 323 324 339 340 342 351 351 351 351 351 353 355 362 363 364 369 370 372 374 375 375 375 376 376 377 378 378 378 378 379 379 380 390 391 396 396 396 397 397 397 399 400 400 401 404 404 405 409 409 409 409 409 410 410 414 414
83 94 100 103 104 107 108 109 111 112 114 116 117 120 122 127 137 138 140 141 142 143 145 149 150 151 163 164 176 177 180 184 193 194 196 203 203 203 203 203 204 204 204 209 212 212 215 215 217 221 222 224 226 228 230 231 232 232 232 232 234 240 251 251 253 253 254 254 257 259 263 263 265 265 267 267 270 273 278 281 283 283 284 292 292 292 299 300 301 302 302 302 305 305 305 307 307 310 314 315 317 317 318 319 319 319 320 321 321 323 323 324 326 327 327 327 327 327 328 330 330 332 332 334 335 342 343 344 344 345 345 354 354 356 357 358 360 360 360 361 371 372 372 374 377 377 379 386 386 387 387 388 388 390 391 391 394 395 397 398 399 407 407 408 409 409 410 410 412 412 412 412 414 414 414 416 418 420 420 421
143 155 158 165 170 178 182 186 186 188 189 194 201 205 208 214 215 218 220 221 222 227 233 239 240 243 246 255 259 263 264 268 273 276 286 289 289 290 290 291 294 297 299 300 303 304 314 314 316 321 324 324 326 329 330 331 335 336 336 339 342 343 347 350 350 351 355 356 357 358 358 360 365 377 378 381 381 388 390 390 390 392 393 393 396 397 398 400 402 405 405 406 406 415 419 420 421 430 433 434 437 446 447 449 450 451 453 454 455 456 464 465 465 466 468 469 473 475 475 475 477 479 480 483 483 484 485 493 493 495 504 504 506 507 507 507 508 509 515 516 517 524 526 527 527 528 529 530 532 533 534 535 538 540 541 542 543 545 553 554 556 560 561 562 564 569 577 585 588 588 589 589 590 591 593 594 595 595 597 599
108 111 112 114 120 122 123 125 126 127 127 128 133 137 139 139 141 142 143 146 148 148 148 148 151 153 164 167 169 172 181 182 182 183 183 184 187 188 191 192 194 195 199 199 201 201 203 204 205 206 208 217 217 217 218 220 222 223 224 224 225 229 232 236 236 237 238 238 239 240 251 252 253 255 257 258 260 261 262 263 264 265 267 267 274 279 280 282 283 292 293 294 295 301 302 304 306 307 309 311 316 318 320 320 321 323 323 323 323 323 326 326 327 328 328 331 332 336 336 337 337 339 339 341 342 343 345 345 345 346 347 347 348 348 349 355 357 358 360 360 363 363 363 364 368 368 370 370 370 371 372 373 379 381 383 385 385 386 386 390 391 392 393 394 394 394 394 396 396 396 396 396 396 403 404 404 404 405 407 408
56 56 56 65 65 65 66 67 68 70 72 72 72 84 85 85 86 87 95 97 98 100 101 102 103 104 107 107 107 108 108 108 109 124 125 125 126 131 131 131 131 132 133 134 135 136 137 137 146 146 148 148 155 155 155 156 157 158 158 159 161 161 161 161 161 162 162 164 164 164 164 164 168 168 168 169 169 170 170 186 186 188 191 193 193 194 197 198 198 201 203 205 205 205 206 208 208 208 209 209 209 211 211 211 211 211 212 213 214 215 216 216 216 217 217 221 222 223 223 224 226 226 229 229 229 229 229 230 230 230 230 230 231 232 232 232 233 233 236 236 237 238 238 239 239 239 242 243 243 243 243 243 244 246 246 248 251 253 253 253 253 254 255 256 258 258 260 262 270 271 271 271 271 271 272 272 275 277 279 279
53 53 53 59 59 61 62 68 69 77 79 81 81 82 92 93 93 94 96 96 97 97 99 101 102 104 105 107 114 117 117 117 118 120 121 121 122 125 127 129 131 131 131 141 149 150 150 150 150 150 153 153 153 154 155 157 157 163 172 172 173 174 174 176 176 176 178 178 178 178 178 178 180 182 191 192 192 200 202 204 205 206 206 206 207 215 216 223 223 227 227 227 227 228 230 232 232 232 232 234 235 236 236 237 238 239 242 244 250 251 251 251 252 260 261 262 264 264 267 275 276 277 277 279 279 282 282 282 282 283 283 284 293 294 294 294 294 294 295 297 297 297 297 297 297 297 298 298 303 303 303 308 310 310 312 312 312 312 313 314 314 314 314 314 315 315 316 316 316 317 318 319 319 320 329 329 330 331 331 331
99 106 116 122 125 125 130 130 138 139 139 142 145 153 156 160 161 162 163 167 169 171 175 176 183 184 185 186 187 199 205 208 210 219 220 222 224 226 228 233 234 236 241 242 245 247 249 255 258 261 261 263 265 266 275 275 276 276 276 286 286 287 288 291 293 295 296 299 299 299 301 302 304 311 311 313 313 314 314 315 316 318 323 324 326 327 332 333 336 337 339 340 342 342 344 344 345 348 351 351 351 352 355 359 360 364 365 366 368 369 369 369 369 371 371 375 379 381 384 386 389 390 392 393 394 395 396 398 401 402 404 404 406 406 406 408 411 411 412 412 413 414 414 415 416 420 421 422 422 423 430 430 430 430 432 432 432 444 445 447 449 452 463 465 465 465 468 468 470 472 475 476 477 479 482 483 483 483 484 484
72 85 87 89 92 93 94 96 98 107 110 111 111 112 113 116 120 120 121 122 124 126 128 128 128 137 137 137 139 140 142 144 145 145 145 148 165 171 173 175 176 177 177 178 178 183 184 186 187 188 188 190 190 191 192 193 194 194 194 194 194 195 195 202 202 202 202 203 208 211 211 218 219 220 220 224 226 226 226 240 258 260 260 261 261 262 263 264 265 274 276 277 277 280 280 281 282 285 285 289 289 291 292 293 293 293 293 293 293 294 294 294 295 297 297 299 300 300 301 304 304 305 306 311 312 314 315 316 317 319 321 322 323 325 325 327 327 329 331 333 333 333 336 336 336 339 339 339 340 340 340 341 341 341 341 345 347 348 348 350 350 350 350 350 351 356 357 358 361 361 362 363 365 366 366 366 366 366 366 366
48 48 48 48 48 54 56 56 57 58 58 60 68 68 70 70 74 74 75 75 75 81 81 82 83 83 90 91 91 92 94 94 94 94 94 101 103 103 109 110 110 112 121 123 125 126 127 129 129 140 140 143 152 156 156 156 162 164 165 165 171 178 178 180 183 184 193 193 193 198 206 207 207 210 212 214 215 216 217 219 219 226 226 227 227 227 238 239 239 240 241 242 242 244 244 244 244 245 246 248 248 255 256 257 257 265 265 270 272 282 282 282 283 283 291 291 292 294 297 297 299 300 302 302 304 305 305 307 313 313 315 318 324 324 324 326 327 330 330 330 330 331 334 335 337 346 346 348 350 352 352 353 354 355 355 362 362 363 365 365 365 365 370 373 375 376 376 377 377 377 379 383 383 383 383 383 386 395 395 402
106 109 111 112 116 118 126 135 143 145 148 150 155 162 163 178 180 182 182 183 184 191 206 216 221 223 227 227 229 235 236 238 240 245 248 255 257 257 258 259 261 262 268 270 273 274 274 275 283 286 287 289 290 299 301 305 305 310 311 312 312 314 323 325 326 326 326 326 328 331 332 334 335 337 344 348 350 356 359 360 362 363 365 367 372 377 377 384 385 385 386 386 387 390 391 391 392 393 396 403 406 414 425 426 426 427 432 432 433 433 440 441 449 449 450 451 458 462 463 472 472 474 475 479 488 489 490 492 493 495 496 502 502 509 510 510 511 512 512 513 516 516 518 519 521 524 540 542 545 552 560 563 565 565 565 565 566 569 571 582 582 582 583 583 587 588 589 591 599 600 600 604 606 607 608 609 609 615 624 627
183 188 192 195 199 201 204 208 211 214 221 224 228 230 239 241 247 249 250 254 256 257 262 267 270 276 277 281 286 294 303 307 318 318 321 323 327 330 330 330 332 334 338 339 340 344 347 351 353 358 359 362 365 368 371 374 375 378 381 384 385 387 390 394 396 400 402 403 404 408 410 419 419 420 421 423 426 430 436 436 439 441 448 450 453 457 460 463 465 466 467 468 473 475 479 482 487 490 490 491 493 493 499 501 503 505 506 508 511 513 513 516 518 523 525 527 528 532 534 536 539 540 550 555 556 556 557 559 561 561 563 564 566 567 569 571 573 576 577 579 580 581 585 587 593 605 608 611 617 619 622 626 629 629 630 631 633 636 637 640 641 641 643 644 644 646 647 649 649 650 652 654 657 657 658 665 666 666 667 672
65 65 65 72 75 77 82 83 84 84 84 86 87 87 88 88 88 89 90 90 91 92 93 95 96 96 96 96 104 104 105 105 105 108 108 108 109 109 109 115 123 123 124 125 128 128 130 130 136 146 150 151 152 152 152 152 153 153 153 153 154 156 157 157 158 159 159 160 161 161 161 161 161 163 163 163 166 167 167 174 175 175 175 175 175 175 177 178 178 180 182 183 183 184 185 185 185 188 188 189 189 189 189 189 190 190 191 193 195 195 201 202 203 204 204 204 204 204 206 207 207 207 207 207 208 209 210 210 211 211 212 213 214 214 214 214 215 215 216 216 217 219 219 219 219 219 219 219 219 224 225 226 226 227 229 229 229 229 229 229 229 229 230 230 230 233 234 234 234 235 235 235 235 235 235 235 235 235 237 237
78 86 88 91 91 91 93 96 96 98 100 100 101 101 102 104 106 108 108 108 108 108 109 115 115 115 117 117 118 118 118 118 119 120 122 123 124 124 126 129 129 129 131 132 133 133 133 133 133 135 135 136 139 139 139 139 139 139 141 142 142 142 142 142 143 143 144 145 145 145 146 148 148 148 149 150 150 151 151 153 154 155 155 156 158 158 159 159 162 162 162 164 166 166 166 166 166 166 172 173 186 186 186 192 201 201 203 204 207 207 207 208 209 210 212 214 215 217 218 219 222 223 225 225 225 226 227 228 230 230 230 230 230 230 231 231 231 231 232 232 234 238 238 238 239 239 240 240 240 244 246 246 246 246 247 247 248 249 249 249 250 250 250 251 251 253 253 253 255 256 258 260 260 262 262 263 263 265 266 266
90 91 92 116 118 120 121 126 136 144 147 154 155 155 156 157 159 160 166 169 169 172 177 177 178 179 182 186 188 189 190 190 191 194 195 198 198 200 200 202 211 213 215 216 217 218 219 219 219 221 222 222 224 226 231 232 235 235 236 244 246 248 248 250 252 253 254 256 257 264 265 270 272 272 272 274 277 281 282 283 285 286 288 296 297 297 306 309 310 311 313 315 316 319 320 326 327 327 327 328 330 330 331 332 332 335 336 338 340 340 342 342 347 349 349 349 350 350 350 350 350 351 351 354 356 356 358 359 362 363 367 369 370 372 373 373 373 373 373 373 374 374 376 377 379 381 381 381 381 391 391 393 393 393 399 402 403 404 405 405 406 408 409 410 410 410 412 413 413 415 415 415 418 419 419 421 423 427 429 431
208 214 220 226 229 235 237 244 249 250 250 252 262 269 276 283 289 290 293 299 300 303 305 308 316 322 330 335 335 339 342 344 348 351 358 360 364 366 369 374 376 376 378 380 385 386 389 399 402 405 405 414 419 425 427 430 432 434 438 440 443 447 447 449 451 452 458 462 467 470 471 471 471 473 477 480 484 487 497 497 500 503 506 507 511 515 518 525 530 532 534 538 539 543 546 546 548 550 553 555 556 560 561 564 566 578 578 583 585 586 587 590 593 596 598 600 602 602 603 604 614 616 618 618 621 627 629 631 632 640 641 644 644 648 650 650 651 653 654 654 656 658 662 666 669 671 672 674 675 676 679 688 689 691 692 693 694 694 697 699 700 702 704 707 713 714 715 716 717 718 722 723 724 728 729 730 731 732 733 735
203 206 216 219 226 233 236 238 245 250 256 259 263 268 269 278 281 284 290 296 302 305 307 308 310 316 321 325 330 337 338 340 343 345 348 351 352 356 358 362 363 365 368 373 373 377 379 382 383 395 401 404 410 412 417 423 428 431 433 435 437 437 441 442 446 451 452 455 456 459 460 462 465 474 476 476 478 483 484 485 488 491 496 496 500 501 504 505 508 510 512 515 517 519 519 522 524 525 529 531 535 539 539 543 547 559 563 565 567 570 574 577 578 580 581 582 583 587 588 589 594 595 599 601 602 605 608 610 611 613 615 619 622 623 624 626 627 627 633 634 635 642 652 653 657 658 666 666 669 671 673 674 677 680 684 685 688 692 692 697 698 701 703 708 709 713 717 719 721 723 724 727 727 729 730 731 731 732 732 734
117 121 122 123 133 134 138 139 141 143 143 145 146 150 152 158 168 171 174 175 177 181 185 185 189 190 194 194 195 198 204 206 207 210 212 213 215 216 216 218 220 224 227 230 231 232 232 232 239 239 244 245 247 249 251 251 253 256 258 261 263 263 266 267 271 272 275 277 277 280 281 282 284 291 297 298 300 303 305 308 308 309 309 310 313 313 314 315 316 316 316 317 319 320 322 323 323 326 327 327 328 328 329 331 332 334 337 338 339 340 341 342 343 345 355 356 357 358 359 359 359 359 360 360 360 361 365 366 370 371 371 371 373 373 373 381 382 383 383 385 386 387 388 392 393 394 394 395 395 396 396 398 398 401 401 407 409 411 413 413 413 413 413 419 421 423 424 424 426 427 429 429 429 429 430 432 433 435 437 437
75 79 79 89 90 99 102 103 106 119 121 123 124 125 127 129 133 141 146 147 148 149 150 151 153 153 155 157 158 158 158 158 160 161 169 172 172 172 179 182 183 184 184 185 187 188 194 195 195 195 195 195 196 196 197 198 204 204 204 204 208 210 214 216 217 220 221 222 222 225 225 226 229 230 230 231 232 240 242 254 258 259 274 276 278 284 287 287 294 295 297 299 299 299 299 299 300 301 308 308 309 311 311 311 313 313 315 316 316 316 319 320 321 331 331 331 333 336 336 336 338 341 341 341 341 343 344 344 345 346 346 348 348 348 352 354 363 364 365 366 367 367 367 367 367 368 374 377 379 382 383 384 391 394 395 397 399 400 400 400 407 407 408 409 410 410 420 421 422 422 422 422 423 426 427 428 434 434 442 444
137 142 144 145 146 148 149 151 152 156 159 161 164 169 171 173 173 176 177 179 180 182 185 185 186 188 189 192 193 193 194 196 201 204 204 207 210 211 214 214 216 217 220 224 228 228 229 231 233 234 235 238 239 240 242 244 244 246 248 249 252 255 256 257 258 259 262 267 267 268 271 271 273 275 277 277 278 280 281 282 283 283 284 286 288 295 295 298 299 299 300 301 301 304 305 306 308 309 309 310 312 313 315 315 315 319 321 322 322 325 325 325 327 327 330 331 331 334 334 336 337 339 340 340 340 341 342 344 344 346 348 349 350 350 353 354 357 358 361 361 362 362 364 365 365 367 367 368 369 371 372 379 383 386 387 387 388 391 391 392 393 394 396 397 399 401 401 404 405 405 406 406 406 406 407 408 408 408 408 408
80 82 91 91 94 100 101 104 110 114 116 118 120 122 124 125 126 126 126 127 128 128 128 129 136 144 145 145 146 146 147 148 149 149 152 158 158 159 159 159 161 163 164 165 167 169 170 170 171 174 176 176 176 177 178 179 180 181 182 183 183 184 185 185 185 187 187 189 190 190 191 192 192 192 192 192 192 192 192 193 194 195 195 195 197 198 198 198 199 200 201 201 202 202 203 205 205 210 210 210 211 211 213 215 216 216 216 217 218 219 219 219 222 222 223 223 223 223 225 226 228 228 236 236 237 239 240 240 240 240 240 241 244 244 244 244 245 246 247 247 247 248 248 249 249 249 249 250 250 250 250 250 251 252 254 254 254 254 254 254 255 255 255 255 256 258 264 265 265 266 267 267 267 268 268 270 271 271 271 272
272 275 280 289 300 305 313 320 333 336 341 347 352 354 356 363 367 374 377 378 381 389 391 397 406 408 415 418 423 423 429 435 437 437 444 451 454 458 459 463 468 469 473 476 481 482 483 489 490 495 497 500 503 515 525 528 532 533 537 544 545 548 557 560 564 566 570 571 575 578 582 584 586 589 593 595 601 603 610 615 617 632 634 637 640 643 644 647 648 650 652 655 667 667 670 673 674 677 680 688 690 693 702 705 709 712 714 717 721 724 728 732 735 737 740 741 743 744 746 747 750 756 759 761 767 769 772 774 778 780 784 786 789 792 792 793 794 799 804 805 811 813 814 817 820 824 829 831 833 835 837 838 843 846 849 849 849 853 858 860 863 864 867 870 873 874 874 877 879 884 887 889 892 897 903 905 909 913 918 921
116 119 126 127 131 135 137 137 139 147 149 151 154 157 159 174 176 179 180 181 184 187 191 191 191 197 198 201 206 209 210 218 223 225 235 236 239 239 242 243 247 249 250 250 252 264 264 266 269 271 272 275 276 277 283 287 289 291 292 293 293 296 300 300 300 300 301 301 301 301 304 305 305 308 308 309 315 318 320 320 320 322 324 327 327 328 331 331 333 336 336 337 337 338 338 340 341 343 343 345 345 345 345 348 349 351 351 353 354 357 357 360 360 363 363 364 364 364 366 373 378 379 380 387 387 388 388 389 393 394 394 394 397 399 401 403 404 405 407 408 411 412 412 414 415 418 419 421 423 425 426 428 431 432 434 434 436 439 440 440 440 441 441 441 441 441 442 442 443 444 446 448 448 448 450 451 453 453 454 460
55 58 60 64 66 67 72 72 73 75 76 77 78 79 82 83 84 85 87 87 89 90 90 91 94 95 97 97 97 98 98 104 104 104 105 105 105 107 110 111 112 112 120 121 122 125 126 127 128 129 130 130 132 133 134 134 134 135 136 139 145 145 146 146 146 146 146 146 160 163 164 164 164 164 164 165 167 169 170 170 171 171 171 173 173 174 174 174 174 174 174 175 177 180 180 181 181 182 184 185 186 187 188 191 192 192 192 193 193 193 193 193 193 193 193 193 195 196 196 196 196 197 198 198 198 199 199 199 200 206 207 207 208 208 208 208 208 208 209 209 210 210 210 211 211 216 218 218 220 220 221 221 221 223 224 224 226 227 227 233 233 233 234 240 241 241 241 241 241 241 242 243 244 245 245 246 246 246 248 248
72 73 73 74 76 77 79 79 79 79 79 84 84 85 85 86 89 89 90 92 93 94 102 102 103 105 107 108 110 110 113 118 118 120 121 122 122 122 122 122 124 126 128 129 131 133 133 133 135 135 135 137 137 137 139 139 150 150 150 151 151 151 155 157 158 158 159 162 163 164 165 165 165 165 166 166 167 170 170 172 172 173 173 173 174 174 175 177 179 180 180 180 180 180 182 183 183 184 184 184 185 185 187 195 195 195 197 197 198 204 204 206 207 208 208 211 212 212 213 215 216 217 218 221 221 221 223 224 225 226 227 227 227 227 227 227 228 229 229 229 229 229 229 229 230 232 232 233 233 233 233 233 235 235 235 235 235 235 237 238 238 238 245 245 245 245 245 246 248 248 248 248 249 249 249 252 252 259 260 262
78 84 85 87 90 92 92 92 94 104 114 115 115 116 116 119 119 119 119 120 121 122 130 137 142 144 146 146 147 149 151 153 159 161 162 165 165 167 167 168 168 170 170 176 176 176 176 176 177 180 181 184 185 185 186 187 195 195 197 199 200 200 203 204 211 212 213 224 224 227 231 232 235 235 236 236 236 237 237 238 240 240 240 240 240 244 244 246 246 248 250 252 260 262 262 265 265 266 267 267 268 269 270 270 278 282 283 284 286 288 288 290 290 291 292 292 293 293 301 303 303 303 303 305 305 305 305 306 306 309 311 312 312 312 312 312 315 316 318 318 318 322 323 324 325 327 330 331 331 331 332 332 338 338 338 341 341 341 342 342 343 343 344 345 345 345 345 347 351 352 352 354 355 355 355 358 358 358 360 361
117 119 123 123 127 130 133 135 136 138 142 146 146 152 154 163 164 172 173 173 175 177 178 180 182 185 192 203 206 212 212 214 215 216 218 218 219 219 222 225 234 236 237 248 251 253 257 259 262 262 273 275 277 278 279 282 295 297 300 308 310 310 310 311 314 315 317 320 320 320 322 323 324 325 327 330 332 333 336 336 338 339 341 342 342 343 344 344 348 348 349 351 355 355 361 363 364 365 366 370 377 378 379 379 383 385 392 401 402 405 407 408 408 410 412 418 418 418 418 418 419 423 425 425 427 432 432 432 433 434 438 438 438 439 439 441 443 444 445 447 447 448 451 452 453 457 460 461 462 464 464 465 468 468 468 468 471 477 479 481 482 483 486 486 488 492 494 495 496 499 501 508 515 517 519 521 523 523 524 525
> n=10000 m=5 18/02/2021 18:19:28
95 96 98 100 100 103 105 112 113 116 116 119 120 122 124 126 128 130 131 134 136 139 141 141 141 144 146 150 150 150 151 153 153 155 168 169 174 174 177 177 178 179 180 182 183 184 185 192 192 195 196 198 202 204 207 214 217 220 221 222 224 226 226 230 231 231 231 231 232 236 245 246 249 251 251 252 252 253 256 257 258 261 261 268 270 271 271 273 274 281 281 282 283 283 285 285 286 289 291 291 295 296 298 300 301 302 302 304 310 311 313 313 316 319 321 322 325 325 326 327 327 328 328 329 330 331 332 333 334 342 350 351 351 352 355 355 355 358 360 367 369 370 371 372 380 380 380 383 383 383 383 383 385 386 388 391 393 394 397 397 398 399 399 400 401 402 405 406 407 408 416 416 419 419 420 420 420 422 425 426
167 172 176 181 190 197 209 211 215 233 237 241 244 250 257 260 263 265 268 270 278 282 288 294 304 310 328 332 349 350 356 356 360 370 372 375 376 379 381 383 386 390 394 396 399 404 404 409 413 417 418 428 430 451 461 465 466 472 473 474 477 478 479 479 482 489 492 493 495 499 502 504 505 510 512 512 515 522 522 522 526 527 529 530 532 534 537 543 546 552 556 558 561 563 567 567 569 572 576 577 582 587 590 591 593 594 595 597 599 600 601 604 605 605 606 608 609 610 611 612 620 624 630 632 635 635 639 641 643 644 646 648 651 656 656 666 669 673 675 677 681 681 682 683 685 686 688 688 691 691 700 711 714 716 717 718 721 722 725 725 726 727 728 731 733 734 735 736 738 739 742 743 746 747 750 750 752 754 756 760
90 99 100 102 103 104 104 106 107 108 110 110 112 113 113 114 117 119 120 122 123 127 128 132 136 136 136 138 138 139 139 139 141 141 144 144 144 146 146 148 150 151 153 154 162 163 164 164 168 171 172 175 177 177 178 180 182 184 184 186 186 187 187 187 188 189 191 192 192 193 194 199 201 203 203 205 205 207 207 208 209 211 211 212 212 213 213 213 214 214 214 214 215 215 221 222 222 222 229 229 230 230 232 234 234 236 236 237 238 239 240 241 241 244 244 244 246 249 250 250 252 255 255 256 257 259 260 260 261 263 263 264 264 264 264 264 266 266 267 267 267 268 269 269 270 270 270 270 271 271 271 273 274 274 275 275 277 278 278 278 279 280 283 284 287 288 289 289 290 292 293 295 295 296 298 298 298 299 300 300
57 58 58 60 60 60 61 65 66 66 67 69 70 70 72 73 73 73 74 75 76 78 79 80 84 86 86 88 89 89 90 91 91 91 92 92 92 92 93 94 94 96 96 96 97 98 98 98 99 100 100 102 102 103 104 104 104 104 105 106 107 107 107 108 108 109 110 110 111 111 111 117 117 117 117 117 118 119 119 120 120 120 120 120 120 120 121 121 121 121 122 123 130 130 130 130 132 132 132 132 133 133 133 134 135 135 136 138 138 139 139 140 141 142 144 144 145 145 146 148 149 149 149 150 150 150 151 152 152 152 152 152 152 152 152 152 156 156 156 156 156 156 157 158 159 159 159 160 161 161 161 161 161 162 163 164 164 165 166 166 166 167 167 167 167 168 168 168 168 170 170 172 172 173 177 177 184 186 187 187
75 76 79 84 86 88 90 93 95 95 96 99 101 103 104 105 106 113 117 117 119 121 134 134 135 138 140 146 146 147 149 149 151 155 155 156 156 158 160 160 160 162 164 165 166 168 168 169 170 172 172 173 175 184 184 184 184 184 184 185 186 187 189 189 191 191 198 200 208 209 210 210 210 211 213 219 220 220 221 226 227 229 238 246 246 246 248 248 248 249 251 251 252 252 252 252 252 253 260 260 260 261 262 262 262 262 269 272 273 275 276 277 279 279 280 280 283 283 284 285 287 288 288 289 289 289 289 289 290 290 290 290 292 292 292 294 295 295 295 296 299 299 299 300 303 303 305 306 308 309 309 311 314 314 315 316 316 318 319 321 321 321 323 323 323 323 323 326 326 332 332 334 334 334 336 336 337 339 340 342
165 175 178 182 195 200 205 207 210 212 216 218 229 234 235 236 246 249 252 258 259 263 269 270 273 278 280 281 283 288 292 297 297 298 301 303 304 311 313 315 318 319 323 325 325 327 328 331 331 336 340 349 350 353 357 362 362 365 367 368 369 372 373 375 378 379 380 383 384 386 390 390 395 396 397 399 403 405 407 407 410 415 415 417 426 427 427 429 429 431 435 439 443 443 445 448 449 450 451 455 457 461 463 467 471 472 474 474 475 477 478 480 483 484 484 485 486 488 488 490 501 505 505 505 506 508 510 517 519 524 534 537 540 541 541 548 549 550 552 553 555 557 558 558 563 566 567 568 569 570 570 572 573 579 589 592 594 595 595 595 595 604 604 606 608 609 612 612 614 618 618 621 621 622 623 627 629 630 632 633
61 62 62 62 64 64 64 65 67 70 70 72 72 72 73 73 74 76 83 83 83 83 87 88 96 97 98 98 98 99 100 100 102 110 110 111 113 113 114 115 116 116 117 117 120 121 124 124 124 130 131 133 133 133 133 133 133 136 137 139 139 139 140 141 141 141 143 143 143 143 146 151 151 151 152 152 152 152 153 154 156 156 156 156 157 157 158 159 159 159 161 161 163 164 164 164 164 164 164 164 164 167 168 169 169 169 170 171 172 175 176 178 178 180 180 180 180 180 180 180 180 181 181 182 182 185 186 187 187 187 187 187 188 188 188 188 190 190 190 191 193 194 195 196 196 197 198 199 200 200 200 200 200 200 202 202 207 208 209 211 217 217 218 221 221 222 222 224 224 225 225 232 232 233 234 235 235 236 236 236
89 91 94 94 97 97 98 98 99 99 103 104 108 109 110 116 117 119 119 120 121 121 122 122 131 132 132 133 134 136 137 150 152 154 155 157 157 157 158 163 166 167 168 168 169 169 170 170 170 174 175 176 177 177 180 181 184 185 186 187 189 190 191 193 193 195 204 208 208 212 214 214 215 216 219 220 220 222 222 222 224 225 226 228 230 230 231 232 232 234 234 236 236 236 237 237 244 245 245 245 248 249 250 250 252 252 253 254 254 254 255 255 256 256 256 258 258 258 258 259 260 262 263 263 269 270 270 270 270 271 271 271 277 277 277 278 278 281 282 282 282 283 283 284 290 290 292 293 294 295 296 296 296 303 306 306 306 306 306 307 308 310 310 311 312 312 313 313 313 313 316 317 319 319 319 319 321 321 321 324
81 84 85 87 88 94 102 106 108 108 109 110 110 110 110 110 111 113 122 124 126 127 129 131 132 132 135 135 136 136 138 139 140 140 142 142 147 149 150 152 153 155 157 158 158 158 159 160 160 161 161 163 163 163 171 172 177 178 179 180 181 182 182 183 183 190 190 191 191 192 194 205 208 210 211 216 218 219 220 220 222 224 225 227 229 230 232 234 235 235 237 245 246 252 253 254 256 259 259 260 260 261 261 261 264 266 266 269 269 270 270 272 272 275 276 277 278 281 281 288 290 291 293 293 294 295 295 296 297 297 297 307 307 307 307 314 315 316 322 323 324 325 325 337 339 341 342 344 353 354 354 356 357 358 358 359 359 359 360 360 360 361 362 363 365 372 374 374 376 376 377 379 379 380 380 381 382 384 384 386
208 215 222 226 228 233 237 239 244 246 248 249 253 259 264 270 276 280 296 299 299 300 310 313 313 322 326 330 332 338 343 346 347 349 351 355 358 360 361 366 370 373 373 377 382 386 392 395 403 407 408 411 420 423 424 424 427 431 433 434 436 439 444 447 450 457 459 460 464 465 472 476 477 479 489 491 495 503 504 507 512 517 518 526 534 538 541 544 547 547 552 556 559 560 561 562 574 578 583 583 593 594 595 596 597 598 600 601 606 607 609 611 613 613 614 617 620 623 625 629 637 641 643 649 652 655 664 666 668 671 673 674 677 678 679 683 685 685 687 693 695 697 701 701 703 706 708 708 709 709 710 715 719 721 724 727 728 730 730 731 735 737 738 740 742 744 746 749 749 754 758 760 763 764 766 767 768 769 770 770
48 49 55 55 57 58 59 60 60 63 65 65 68 70 71 72 72 72 72 80 80 81 82 84 84 84 85 90 92 93 93 93 93 94 95 98 99 99 99 99 100 103 103 105 105 105 106 106 115 115 115 115 115 115 116 118 118 118 119 120 128 129 130 130 130 132 134 134 135 135 136 136 136 137 137 137 138 138 138 140 142 143 143 144 144 144 145 145 147 148 148 154 155 155 164 169 169 170 172 179 182 182 183 184 184 184 193 193 195 196 197 198 198 198 198 198 198 198 198 198 198 199 199 200 200 200 200 200 200 200 201 202 202 202 203 204 204 204 204 204 205 206 206 206 206 207 207 212 212 212 212 213 218 218 218 218 219 220 220 221 222 222 222 222 225 232 234 234 237 238 238 240 245 246 247 247 247 247 247 247
59 60 61 61 64 68 70 75 76 77 78 80 82 83 85 86 86 89 89 92 92 93 94 94 94 97 97 100 101 102 104 110 111 111 111 111 113 114 115 115 116 116 117 117 117 119 126 126 128 129 129 129 130 130 131 131 131 132 132 134 135 135 136 136 136 136 137 137 144 145 146 147 147 147 149 152 155 157 160 162 162 164 167 168 168 174 175 175 176 176 176 178 179 180 180 181 185 185 186 186 186 187 189 189 190 191 191 191 191 193 193 193 195 197 201 202 202 203 205 205 205 205 206 206 207 208 208 209 209 210 212 212 216 217 217 217 217 217 218 219 219 219 219 219 220 220 220 220 220 220 220 221 221 224 224 225 232 232 233 234 234 235 237 237 237 237 237 241 244 244 245 245 247 249 250 250 250 250 251 252
156 157 166 168 170 172 177 179 181 183 187 191 191 194 194 197 200 203 204 206 212 214 217 222 224 227 228 232 237 239 242 244 249 251 253 253 255 257 258 262 262 265 268 269 272 276 278 281 283 289 290 292 294 295 296 298 301 302 305 307 309 310 312 316 316 318 320 330 330 332 335 339 340 346 348 348 356 359 362 363 364 366 368 368 370 372 373 375 377 379 382 382 385 386 387 388 388 391 395 396 401 402 402 406 408 414 414 415 417 418 419 420 420 422 423 425 426 427 428 429 430 431 432 434 435 436 438 439 440 443 444 447 447 447 448 448 451 453 455 459 461 461 462 462 462 462 464 465 466 468 473 474 475 478 480 480 482 484 486 486 488 488 491 494 495 496 498 499 499 500 503 507 507 509 511 511 511 511 513 515
76 77 77 77 77 79 81 88 91 99 101 103 103 104 106 108 111 112 115 123 124 125 125 126 128 130 139 139 144 144 144 145 145 148 150 151 151 153 155 155 155 155 157 159 159 162 162 163 165 171 180 180 181 182 184 185 186 189 190 190 190 190 191 193 193 193 193 194 194 194 194 195 195 197 197 201 201 202 202 202 202 205 206 206 208 211 212 214 216 216 219 219 220 228 230 230 231 231 232 234 234 235 235 235 237 237 237 237 238 239 241 241 242 242 243 244 245 245 246 247 253 253 254 256 256 259 260 263 263 265 266 269 269 272 274 275 275 278 280 280 280 282 283 283 287 292 293 293 293 294 294 295 296 305 305 305 305 305 306 307 314 314 314 315 315 315 315 316 316 318 319 327 327 330 331 331 332 332 333 334
137 141 143 145 146 150 154 155 155 158 162 162 163 163 165 167 170 171 176 178 178 182 185 187 189 190 191 195 196 197 198 199 199 203 203 203 210 212 213 214 216 217 218 220 223 225 226 226 234 236 237 240 240 240 241 241 242 248 249 249 250 251 251 252 255 255 255 257 260 261 264 264 264 264 266 271 273 275 276 278 280 281 283 285 285 287 288 288 290 290 290 290 291 292 292 293 294 295 296 298 300 302 302 304 304 309 313 315 316 316 316 317 319 319 319 319 322 323 323 325 325 326 327 327 327 328 328 329 330 333 334 335 335 336 336 337 337 339 340 342 343 344 345 346 347 349 349 349 350 350 351 352 352 353 354 355 358 359 360 361 363 363 365 366 366 367 369 369 370 373 374 374 375 376 377 377 379 380 386 388
106 108 123 127 127 128 139 140 143 146 161 171 173 176 181 183 186 190 192 195 196 198 204 205 208 210 211 211 213 214 215 217 218 218 219 220 220 223 225 231 236 246 247 254 258 271 274 277 278 283 284 286 287 287 299 300 300 301 302 304 305 305 308 311 313 315 323 325 327 330 331 333 335 339 341 341 344 344 348 350 357 359 361 365 367 370 372 372 376 378 378 380 383 383 383 383 393 397 399 400 404 405 414 416 419 431 432 432 435 437 440 443 444 448 449 453 462 463 466 468 471 471 471 471 473 474 476 477 477 480 480 483 483 484 484 486 486 488 490 492 495 497 499 501 502 503 503 512 518 518 519 519 522 523 525 526 526 526 529 531 532 533 533 535 536 537 537 546 546 547 548 550 550 552 552 555 556 557 559 559
68 68 70 71 71 72 73 79 80 80 83 84 97 97 97 98 104 104 105 105 105 105 105 108 108 109 110 110 112 112 112 113 115 115 116 116 117 117 117 125 125 125 126 126 126 127 127 127 127 129 129 129 129 129 131 133 133 133 133 133 134 134 135 135 135 135 137 137 138 138 138 138 140 140 140 141 141 141 142 142 142 142 142 144 145 146 148 150 153 153 153 154 154 154 155 157 157 159 159 159 160 160 160 161 161 161 161 161 161 162 162 163 163 163 163 165 166 169 169 169 169 170 170 171 171 171 173 173 173 173 173 173 173 173 173 175 175 175 178 178 178 178 179 181 181 181 181 181 181 183 185 185 185 186 186 188 191 192 194 195 195 196 197 199 199 200 200 200 201 201 201 201 202 202 202 204 206 206 206 206
95 96 99 103 104 106 107 112 115 116 118 122 130 131 141 141 141 146 146 148 148 149 151 154 161 162 162 164 165 171 172 182 183 183 184 186 186 187 187 188 189 191 191 193 193 193 195 197 197 199 199 200 200 201 202 203 204 207 208 209 209 210 216 219 220 221 221 222 222 223 224 225 227 228 228 229 230 230 232 232 233 234 234 237 238 238 248 249 249 249 249 250 250 250 250 251 254 255 256 257 259 259 260 261 262 262 263 264 267 268 269 271 273 274 276 278 279 280 281 283 291 291 293 294 294 294 294 297 297 300 302 302 302 303 303 304 305 305 307 307 307 307 307 316 316 316 316 316 317 320 320 321 324 324 327 327 327 329 332 334 334 337 338 339 341 342 342 344 348 349 349 351 351 351 351 351 358 359 359 361
138 139 142 144 148 149 152 155 163 168 174 175 179 183 190 193 196 198 205 207 210 212 217 219 222 224 227 230 231 234 239 245 254 256 258 261 264 265 267 269 270 273 277 278 278 280 281 282 284 284 285 287 289 290 292 294 294 299 299 300 300 303 304 306 306 308 310 312 313 316 319 319 320 320 321 324 326 330 332 334 336 344 345 348 351 354 355 356 363 365 366 369 370 373 377 377 381 384 393 394 395 396 398 398 400 404 406 406 407 414 414 414 416 418 418 420 422 422 424 426 429 430 436 446 457 458 458 458 459 460 461 462 462 470 471 473 476 476 477 478 479 480 481 481 483 485 485 486 487 489 490 492 492 502 508 509 510 511 515 516 518 518 519 522 523 523 524 525 527 534 538 539 540 544 544 552 554 554 554 554
130 131 132 135 139 139 141 145 149 151 154 156 159 166 168 172 185 189 193 201 202 205 205 207 211 212 217 223 230 231 232 235 238 239 243 244 246 249 252 252 255 258 260 268 271 274 275 276 276 276 277 288 289 293 303 305 312 315 315 316 317 320 328 332 334 336 338 338 339 342 343 345 347 359 360 363 364 364 367 372 373 374 375 377 379 379 379 381 382 385 391 393 394 400 402 405 407 410 412 413 414 417 418 418 421 422 424 425 425 428 430 432 433 433 433 436 445 447 448 451 455 457 457 458 460 462 463 466 467 467 468 468 469 470 471 480 481 483 485 486 486 491 492 494 495 496 504 505 506 507 508 510 512 514 514 516 516 517 519 520 520 521 523 525 525 527 527 528 529 530 530 530 530 531 540 542 542 544 546 547
59 60 61 61 62 63 64 67 72 73 76 77 78 78 78 79 81 81 84 85 86 87 87 88 98 98 99 99 99 99 101 101 102 102 102 103 104 104 104 105 105 105 105 105 105 105 106 107 110 110 110 111 111 111 112 112 115 115 115 116 117 117 117 118 120 122 122 130 130 131 131 132 133 133 134 134 135 135 137 137 139 141 142 142 142 142 142 142 144 147 148 148 154 155 155 155 155 155 155 156 156 156 157 158 158 158 159 161 161 162 168 168 168 168 169 169 169 170 171 171 172 172 173 173 174 174 175 175 175 175 177 177 178 179 180 181 181 182 182 182 182 182 182 183 183 183 183 184 184 185 186 186 186 186 187 188 188 188 188 188 191 191 191 192 193 194 194 194 194 195 197 198 199 200 202 203 204 204 205 205
72 73 80 81 83 84 92 99 102 107 109 110 111 116 117 119 121 123 125 126 126 126 128 130 134 135 143 145 145 148 148 148 149 151 151 151 151 151 152 152 152 152 152 153 157 158 159 159 160 160 161 161 162 165 167 169 169 171 171 172 172 173 176 177 178 178 178 180 183 184 186 186 186 186 186 187 191 192 192 192 195 196 200 200 207 208 210 220 222 228 229 230 232 232 232 236 241 241 242 244 246 246 247 248 248 250 252 253 255 258 258 259 260 261 262 263 264 271 272 272 274 275 276 276 278 280 283 284 284 293 295 295 296 297 297 298 298 304 306 308 309 312 312 313 313 313 314 314 314 315 315 316 317 317 317 318 318 319 319 319 319 320 321 322 325 325 325 326 327 327 327 328 329 334 334 334 334 334 335 335
74 76 77 78 79 79 81 83 84 85 86 87 87 88 88 91 92 98 99 99 100 101 102 102 103 103 105 113 113 114 114 114 114 115 115 117 117 119 119 119 122 130 131 132 135 145 147 147 147 154 155 155 156 156 156 156 156 156 157 160 161 161 161 161 161 161 162 163 164 164 165 167 167 167 168 168 168 171 173 174 174 175 177 177 177 179 179 179 179 181 184 184 185 185 186 186 186 186 186 186 186 187 187 187 189 189 190 190 191 192 193 193 193 193 193 195 195 195 195 196 198 198 198 198 198 199 199 200 202 203 203 204 205 205 205 206 206 207 207 207 207 209 209 209 210 210 210 210 210 210 210 210 210 211 211 211 211 211 211 211 212 212 212 212 213 213 215 215 226 226 227 228 230 231 231 232 232 233 233 233
89 92 93 102 104 106 109 111 112 114 116 119 119 119 119 122 122 124 128 130 130 130 132 133 134 134 136 136 137 137 138 138 138 142 143 144 145 146 147 147 147 148 150 151 151 152 153 162 164 166 167 173 174 174 175 176 177 177 183 183 184 186 187 195 197 204 206 207 207 210 211 211 212 215 216 216 218 221 221 222 223 225 225 225 225 225 226 226 226 227 227 236 238 238 238 238 238 238 239 241 241 242 244 246 246 246 246 246 246 246 248 248 248 248 250 251 251 252 253 254 255 255 265 265 266 267 267 268 276 279 279 279 280 280 280 280 281 281 285 285 285 285 286 286 286 289 289 289 290 291 291 292 295 296 299 299 300 301 301 301 301 301 302 302 303 303 303 303 304 306 307 311 311 312 312 313 314 314 316 325
108 110 113 115 116 116 118 124 125 128 133 135 135 136 139 142 144 144 147 150 152 159 160 169 170 171 174 177 180 180 189 191 194 195 197 198 198 199 199 202 205 205 205 206 206 212 212 213 214 216 217 220 220 222 236 237 240 240 241 242 248 250 253 253 259 260 262 262 263 264 265 265 265 267 268 269 269 270 271 280 282 286 286 289 291 292 292 293 295 297 300 302 311 311 312 314 316 318 318 319 321 322 324 324 326 328 329 334 334 337 338 338 340 340 342 343 343 345 346 348 349 350 350 351 352 353 354 355 356 357 358 358 359 360 371 371 371 372 373 375 377 382 382 384 385 386 388 390 393 396 398 398 403 404 406 407 414 416 418 419 421 423 425 426 427 427 428 435 435 444 445 445 446 448 448 448 448 448 449 449
137 144 149 151 154 158 163 165 169 170 173 174 182 183 186 190 193 196 199 201 202 205 208 212 214 216 225 225 228 229 231 232 234 235 236 237 240 242 243 244 247 247 249 249 249 251 252 254 256 258 260 264 268 269 271 277 279 281 282 283 283 283 286 288 291 294 304 305 306 306 310 311 314 315 315 317 318 319 319 326 328 331 332 335 336 336 337 337 337 340 341 343 344 345 348 351 355 357 357 361 363 364 365 365 368 369 370 372 376 378 380 380 385 385 388 389 391 393 394 394 396 397 397 398 399 400 401 403 404 406 407 407 409 409 416 417 418 418 421 421 423 423 424 426 427 428 428 429 438 438 439 441 441 442 443 445 445 448 448 450 451 452 455 457 457 457 458 458 460 460 460 460 460 461 464 465 465 470 472 474
71 74 77 78 81 84 86 89 90 92 94 94 96 97 99 99 101 104 107 107 108 110 111 111 113 113 113 115 116 117 117 120 123 123 131 132 133 134 136 137 138 139 139 140 140 142 142 144 147 149 149 150 151 151 151 152 153 156 156 156 156 157 158 159 160 161 162 164 166 169 169 169 169 169 178 181 181 181 181 184 185 186 186 186 186 187 187 188 188 188 190 190 190 205 206 206 206 207 207 207 207 208 208 208 208 208 208 209 210 210 210 210 212 212 213 214 214 216 216 216 216 216 216 217 217 219 219 219 220 221 221 222 223 224 230 230 230 231 231 231 231 232 233 233 235 237 239 239 240 240 240 241 241 242 243 244 244 245 248 250 250 250 251 251 251 251 252 252 253 253 254 256 257 257 258 258 258 258 259 261
247 255 262 269 274 279 289 294 296 307 312 322 324 325 328 331 335 339 344 352 356 358 360 367 371 373 378 381 386 393 399 404 406 410 417 421 426 433 437 443 447 447 450 454 455 461 465 471 484 489 491 495 501 507 510 513 522 529 531 533 536 544 549 553 558 560 561 564 566 571 573 575 580 582 586 588 590 591 592 593 593 597 600 604 607 611 613 613 615 617 627 640 644 654 655 657 658 660 664 666 670 674 676 678 681 687 687 688 690 693 699 699 700 703 703 704 710 717 720 724 727 730 732 735 737 740 741 746 747 749 751 752 755 757 760 763 764 767 769 769 770 770 772 775 776 778 781 783 785 787 789 790 793 793 795 799 801 801 802 806 807 814 816 818 820 821 824 836 841 844 845 847 850 853 854 858 863 869 871 873
68 68 70 71 74 82 82 83 83 84 84 85 86 93 94 94 96 100 100 104 104 108 109 118 120 121 121 125 125 128 129 129 131 132 132 132 133 140 141 141 141 142 145 145 149 149 149 152 153 156 158 158 158 159 160 161 161 164 166 167 169 169 171 172 174 175 177 177 178 178 178 178 178 178 186 187 188 191 191 191 199 201 201 202 203 204 204 204 206 206 206 208 208 208 208 208 208 208 208 209 209 209 210 210 210 212 212 213 214 214 214 214 214 217 217 218 219 220 221 222 222 222 222 226 229 229 229 230 232 232 232 232 234 234 235 235 239 240 240 241 241 242 244 246 246 247 249 251 251 252 252 252 254 256 257 259 259 259 259 259 259 268 269 270 270 270 270 270 270 272 272 273 274 274 274 276 276 276 280 283
158 161 165 168 177 182 185 195 199 203 205 210 213 216 216 219 223 225 229 234 238 239 240 245 249 251 252 253 256 258 261 269 270 272 279 280 281 284 289 289 301 302 304 305 306 309 312 313 313 330 332 333 341 344 344 346 348 351 353 353 356 359 361 364 366 369 373 384 387 389 392 393 396 400 402 404 406 409 410 410 412 414 416 418 419 423 424 425 425 427 428 430 439 441 444 447 449 457 459 468 468 471 472 473 474 475 477 479 482 483 486 487 488 490 492 500 500 502 507 509 512 513 514 514 515 515 521 523 525 527 530 534 537 539 544 549 550 552 554 556 562 565 567 568 568 570 572 573 575 575 576 579 582 583 584 586 587 588 590 592 594 595 597 598 601 601 603 610 611 613 614 615 616 619 621 625 627 629 630 630
247 254 261 263 269 283 286 291 298 302 307 313 317 321 322 325 334 339 341 349 358 360 364 365 369 372 375 383 387 389 393 393 396 401 405 411 415 415 418 420 426 428 432 435 441 442 451 453 458 459 463 467 469 473 474 478 481 482 487 491 494 496 502 507 511 514 521 522 528 530 533 535 536 539 540 543 549 551 553 554 557 559 560 562 565 569 571 575 579 579 580 581 583 586 588 589 590 591 591 593 598 599 602 604 608 608 613 619 621 623 625 626 628 632 634 635 636 637 640 644 649 651 655 658 659 662 667 669 670 674 677 679 681 687 692 694 695 700 703 708 710 717 717 721 722 727 727 728 730 734 740 742 743 747 749 751 751 752 757 759 762 765 767 770 771 772 772 776 777 777 779 780 783 783 785 785 788 789 789 791
52 53 54 54 54 57 57 57 60 60 62 62 63 66 67 67 75 75 75 75 77 77 77 78 80 82 85 86 87 89 95 96 97 99 99 106 106 107 107 112 112 112 112 112 112 112 113 114 115 116 116 116 118 118 118 119 119 119 120 120 120 121 122 122 122 124 124 124 125 126 127 128 128 129 129 130 132 134 135 135 135 135 135 135 135 135 135 142 142 143 144 144 144 145 145 145 145 146 147 147 147 147 147 148 149 149 151 152 152 152 153 153 154 155 155 155 155 156 157 158 158 159 160 160 160 160 163 163 163 165 165 165 166 166 166 166 166 166 166 166 166 167 169 169 169 169 169 170 170 171 172 173 173 173 174 174 174 174 176 177 178 178 178 178 178 179 180 181 181 182 182 182 182 182 182 182 183 186 190 190
62 63 63 63 72 72 72 73 74 81 81 83 85 86 93 94 97 97 99 100 107 107 108 108 109 109 110 111 111 111 111 113 115 117 118 120 120 121 121 123 124 131 133 133 133 134 140 141 148 150 157 157 158 158 158 158 158 159 166 167 167 167 170 171 171 171 173 176 176 176 177 177 177 177 184 184 185 185 185 187 187 188 192 192 192 200 201 205 205 206 207 207 208 208 208 210 210 210 211 212 219 219 219 220 220 222 230 235 236 236 237 238 240 240 242 242 243 243 250 250 252 252 252 252 254 254 254 259 259 261 261 261 261 262 262 263 263 263 263 263 263 263 270 270 272 273 275 275 276 282 282 282 282 282 282 282 286 286 286 286 286 287 288 290 291 291 291 291 293 293 294 294 294 294 296 296 296 296 296 297
108 110 113 116 119 119 120 121 128 129 129 130 131 132 133 134 136 139 141 142 153 155 155 155 155 155 158 160 160 161 161 161 161 164 165 166 167 167 169 169 170 174 174 180 182 182 185 186 187 188 189 191 193 193 195 195 196 206 208 209 209 210 212 213 213 214 215 216 216 216 216 219 220 222 222 223 229 231 232 233 233 233 235 237 238 239 241 243 245 247 247 250 250 250 250 252 253 254 254 254 255 255 256 257 257 257 259 260 268 269 270 271 271 273 274 276 276 278 281 282 284 284 291 291 293 293 293 294 297 298 298 300 301 302 302 302 303 309 309 309 309 309 309 310 310 312 313 313 313 314 314 314 314 314 315 316 316 323 326 326 328 328 329 332 333 336 336 337 339 339 339 339 339 339 340 342 342 342 343 343
93 94 95 97 97 97 97 98 99 101 102 103 106 107 110 115 115 119 123 123 127 129 129 129 130 132 134 134 136 138 139 141 141 144 147 151 152 153 153 154 154 157 158 159 160 160 161 161 161 162 166 167 167 167 167 168 168 169 169 173 173 173 174 174 175 175 175 177 184 184 184 185 185 187 187 188 191 193 195 197 197 198 199 200 201 202 202 202 202 210 212 212 213 220 221 221 222 223 223 223 223 223 223 225 225 225 227 229 229 231 231 233 234 235 236 236 236 237 238 239 239 239 240 240 240 244 244 244 244 246 246 249 250 250 251 251 253 254 254 255 256 256 257 257 258 259 261 261 263 264 266 268 268 268 268 268 270 271 271 271 272 272 272 272 272 272 272 275 277 278 278 278 280 280 280 280 280 280 281 288
132 144 147 152 156 159 162 169 171 177 180 182 186 187 189 190 191 193 196 197 198 201 202 206 206 208 212 213 214 217 217 218 218 220 231 232 234 236 238 240 241 242 244 244 247 250 250 252 255 256 257 259 259 261 264 264 265 267 267 270 273 281 286 287 294 297 300 303 306 307 308 309 309 309 310 312 313 314 315 320 320 323 327 334 338 339 341 343 344 347 347 349 350 352 353 354 354 355 356 360 362 362 370 370 370 374 375 377 377 381 382 383 386 386 390 390 393 396 397 398 398 399 399 401 401 403 406 408 409 411 413 414 415 416 416 423 425 426 428 432 433 435 438 439 441 442 444 445 445 447 449 450 451 451 453 456 456 456 457 460 460 463 464 465 466 468 469 471 473 474 476 477 479 481 486 487 489 491 491 494
143 146 153 159 165 171 175 177 180 183 187 190 193 196 202 206 207 213 213 217 217 219 224 237 239 242 245 246 250 252 253 253 255 256 257 259 261 261 264 268 269 271 271 271 272 275 277 283 285 286 292 296 299 301 303 303 303 310 312 313 313 314 317 319 320 320 321 321 324 325 326 326 326 328 331 333 334 336 339 340 342 342 344 347 348 350 352 356 356 356 358 358 362 364 365 368 370 374 374 377 381 382 389 393 393 394 395 397 399 400 400 401 402 403 403 404 405 405 406 406 409 413 413 413 414 418 421 422 422 423 424 424 427 428 430 431 433 435 435 441 444 447 447 449 451 451 455 455 457 459 459 459 460 461 462 463 464 467 468 468 468 469 470 471 473 474 485 485 486 487 488 489 490 490 492 494 497 501 501 501
192 202 207 212 215 220 221 225 229 235 241 245 248 253 258 262 267 270 272 278 281 285 286 291 295 300 301 304 305 308 308 310 312 315 318 323 328 328 330 330 332 333 335 341 343 347 349 351 353 355 355 361 362 371 375 382 386 391 392 393 397 401 403 405 408 411 414 416 422 426 428 431 434 439 443 444 445 446 449 451 455 457 459 466 468 469 471 474 474 475 475 478 482 484 484 486 486 489 493 495 498 500 502 505 507 509 510 514 516 516 517 519 523 524 524 527 527 531 533 536 536 536 536 539 540 549 550 550 555 558 561 569 570 571 572 574 575 579 581 582 591 591 593 598 606 608 609 610 613 617 621 621 631 631 633 634 635 635 637 639 642 645 646 647 649 649 652 654 657 660 664 667 668 669 671 671 673 675 679 682
233 238 241 242 249 256 260 267 272 278 287 293 297 307 311 313 320 323 333 340 345 354 359 361 364 365 365 370 374 378 384 388 389 391 394 395 397 398 402 403 404 412 414 420 422 425 426 427 429 433 435 440 442 446 450 455 456 458 463 464 465 467 469 471 471 476 478 479 482 485 488 490 493 501 511 515 517 519 520 524 527 530 533 536 542 545 547 550 552 557 560 563 568 570 574 575 576 578 581 583 586 587 589 594 595 598 600 602 605 607 610 612 613 615 617 618 621 625 629 632 633 635 638 640 641 647 648 649 649 655 655 658 660 661 662 663 664 670 671 671 674 676 677 682 682 684 688 689 692 696 699 706 708 710 713 714 716 716 716 719 719 719 722 722 726 728 735 738 739 742 742 747 752 753 754 758 760 763 765 769
120 126 127 131 143 146 148 150 151 154 154 155 155 157 157 164 169 169 173 174 176 178 178 182 183 184 187 189 191 195 196 198 206 207 208 212 213 214 216 216 216 223 235 239 239 239 243 247 251 253 254 256 257 266 268 271 275 275 278 280 282 284 286 292 303 303 313 313 316 319 321 322 323 325 325 326 327 328 330 333 335 336 337 338 348 360 364 374 386 386 393 393 394 395 395 396 400 403 405 408 412 413 414 414 418 419 419 420 420 422 422 422 425 426 427 429 436 437 439 443 444 444 444 447 451 451 451 458 458 460 462 463 472 474 474 475 477 478 481 483 484 485 486 487 488 488 489 490 490 491 492 496 497 497 499 499 499 505 508 510 510 511 514 515 518 518 521 523 523 524 526 526 526 528 540 540 540 542 542 542
108 114 117 121 124 125 127 132 133 138 139 141 144 146 148 153 154 156 157 158 159 161 163 166 173 174 177 177 178 179 188 189 192 196 197 199 204 207 215 215 216 219 221 223 227 228 229 230 234 236 238 242 244 246 247 249 250 250 252 253 254 254 261 263 265 269 274 275 277 277 280 280 282 282 284 284 288 288 288 289 291 298 299 299 300 308 309 311 311 312 314 315 319 322 323 324 325 327 328 330 331 334 341 343 344 345 346 351 360 361 362 362 365 366 367 375 377 378 390 390 391 391 394 396 399 399 400 400 403 403 405 409 410 412 413 415 418 419 419 419 422 423 425 433 436 436 437 438 438 438 438 438 439 442 443 447 448 451 453 457 457 457 459 459 460 461 461 462 463 464 465 467 468 469 470 472 473 475 476 477
103 104 106 106 107 107 107 107 108 108 109 111 114 115 116 120 123 125 126 127 127 127 128 129 131 132 139 142 143 143 143 143 145 145 146 148 152 154 156 159 160 161 162 162 164 165 166 169 170 170 172 175 184 184 188 190 191 192 195 204 204 208 210 212 214 215 215 215 216 217 219 235 235 236 239 239 239 241 243 245 248 249 250 252 252 253 264 266 267 268 270 271 272 272 276 277 277 277 277 279 279 280 281 281 281 283 283 284 286 286 287 287 287 287 287 288 289 291 293 293 303 303 304 305 307 308 308 308 309 311 312 312 314 314 316 316 316 316 317 319 319 320 320 321 322 322 322 325 326 326 326 326 326 326 326 326 328 328 329 329 330 330 332 336 336 336 340 340 340 340 342 343 345 346 346 347 347 349 350 355
66 67 69 70 73 74 76 76 76 76 78 79 81 82 82 82 82 83 83 83 85 85 88 90 90 90 90 92 92 93 94 96 96 96 96 96 96 96 96 97 98 99 99 99 100 102 102 104 105 105 106 108 108 111 113 113 113 119 120 122 123 123 123 123 125 126 126 126 128 128 129 131 131 131 132 132 134 134 138 139 139 139 139 140 142 142 143 143 143 143 144 144 145 145 146 147 147 148 149 149 149 151 152 152 153 153 153 154 154 154 154 154 155 165 165 166 166 166 166 166 166 166 166 167 167 168 168 168 169 169 170 170 170 171 172 173 173 173 175 177 178 178 180 180 182 183 185 185 185 186 187 189 189 191 191 191 191 191 193 193 193 193 195 196 196 196 197 197 199 199 199 199 200 200 200 200 200 200 201 203
88 89 89 90 91 94 97 100 103 104 104 104 105 106 108 111 114 115 121 122 122 124 126 127 128 131 131 133 134 135 135 135 136 137 138 141 142 143 144 151 152 152 153 153 154 156 159 160 160 161 161 162 162 170 171 174 176 179 181 181 183 184 184 186 187 190 190 192 192 192 193 196 197 199 201 206 206 206 207 207 207 207 208 210 210 210 212 213 214 214 216 217 217 217 224 225 225 226 227 230 231 231 231 232 234 235 235 236 239 240 241 241 241 242 243 243 244 244 245 245 245 245 245 245 245 245 250 251 252 252 253 253 254 254 255 255 256 256 256 257 258 261 262 262 262 262 263 263 265 265 265 267 267 268 270 271 273 274 275 275 276 277 280 280 280 282 282 283 283 284 285 285 285 287 289 289 295 296 297 298
44 45 48 49 51 54 55 55 61 61 61 62 63 65 65 65 65 65 65 67 67 75 75 82 82 82 83 83 83 83 86 87 93 93 93 93 93 93 93 95 95 96 96 103 103 103 103 103 103 110 110 110 111 117 117 119 121 122 123 126 126 126 126 127 127 128 128 129 129 138 138 138 146 146 146 147 149 149 149 149 149 149 152 161 161 162 162 171 171 171 172 172 173 173 173 174 175 175 176 183 183 183 184 185 190 191 192 192 193 193 194 194 194 194 195 196 197 197 199 199 199 201 201 201 201 203 203 203 203 204 204 204 207 208 208 211 222 222 224 224 224 225 225 229 229 229 231 232 232 234 234 234 235 237 237 240 240 240 240 240 240 240 241 241 249 249 249 250 251 251 252 252 252 255 255 258 259 259 260 261
118 119 123 124 124 127 128 130 133 134 136 138 140 141 142 144 146 150 153 153 155 159 160 162 164 166 169 171 175 176 178 180 184 185 187 188 192 194 195 199 199 200 202 204 206 210 211 212 213 214 217 220 221 221 225 227 228 229 232 234 234 237 238 238 239 240 240 241 243 244 247 247 249 249 249 251 253 256 256 256 256 258 258 259 261 262 269 271 272 276 277 280 281 283 284 284 284 285 286 294 296 296 297 297 297 297 297 297 297 298 302 304 304 304 305 306 307 307 308 310 310 311 312 313 315 317 320 322 323 323 323 323 323 326 326 333 336 338 339 341 342 342 343 344 344 345 345 348 348 349 350 350 350 350 351 352 353 353 355 355 355 356 357 358 358 359 360 364 365 369 370 372 374 374 375 375 375 375 375 377
90 92 93 104 105 107 108 110 111 127 128 128 128 129 132 135 135 138 139 141 150 151 153 156 158 160 163 164 166 166 168 168 168 169 169 170 170 179 181 182 182 192 194 200 203 207 209 210 211 211 211 212 214 214 215 216 222 222 222 223 225 226 235 236 237 237 240 242 242 244 244 245 246 246 249 251 251 251 251 252 252 255 255 258 260 260 267 268 268 269 269 269 269 271 273 275 275 276 276 281 282 282 284 284 284 284 284 285 288 288 288 289 299 299 299 299 299 299 299 300 300 300 308 310 310 310 312 313 313 313 314 314 317 317 317 318 319 320 321 322 322 325 325 326 326 328 330 330 332 341 341 341 341 341 341 341 341 341 341 341 341 342 342 346 346 351 352 352 352 353 353 353 353 353 353 354 354 354 354 356
163 168 172 173 175 181 184 189 192 197 198 201 210 212 212 215 218 221 222 225 231 234 237 244 248 257 259 265 265 268 272 274 278 280 287 287 289 292 293 294 300 303 307 309 314 316 318 319 325 325 327 335 337 340 342 343 345 348 353 355 356 357 360 362 365 365 373 377 381 383 383 387 388 388 391 393 396 398 398 398 402 404 407 409 411 413 417 421 425 426 426 427 430 430 432 432 432 442 443 446 447 451 453 457 466 471 473 475 477 483 485 485 489 492 496 498 500 501 504 506 508 510 513 513 513 513 516 516 526 528 530 531 545 545 547 548 548 549 553 555 556 556 559 560 562 567 567 570 570 570 571 580 582 583 586 588 592 594 595 595 596 597 597 603 604 604 604 606 614 614 616 619 622 623 624 625 628 630 630 631
55 56 56 65 66 68 70 70 70 70 70 70 72 72 72 72 73 73 73 74 74 75 76 78 79 80 81 84 84 89 89 90 91 91 91 91 93 94 94 95 96 97 97 99 99 99 99 105 105 107 109 109 110 110 110 111 111 111 111 111 112 112 112 113 113 114 114 116 117 119 119 119 119 120 121 123 123 123 123 123 123 124 125 125 125 125 125 125 125 125 127 127 129 129 129 129 130 131 132 133 134 134 134 136 137 137 137 143 143 143 144 145 145 148 148 148 148 155 156 156 164 164 166 167 167 167 167 168 170 170 170 170 170 170 170 177 177 177 177 178 178 178 181 182 182 183 183 184 184 185 186 186 186 187 189 191 194 194 194 196 197 197 198 198 200 202 203 203 204 204 204 204 204 204 204 204 204 204 204 204
65 67 67 69 73 85 86 87 95 95 96 106 107 108 109 110 110 117 125 127 134 136 138 140 148 149 151 159 160 161 163 163 163 165 167 169 170 171 171 172 172 175 180 180 191 192 192 194 195 195 196 196 198 198 200 201 203 204 204 208 211 211 211 211 214 217 220 220 220 221 222 223 225 225 234 237 237 238 239 239 241 241 241 246 252 254 254 255 265 268 268 269 270 273 274 275 277 277 278 278 279 281 282 283 283 284 286 286 287 288 289 290 290 295 298 300 301 301 302 306 306 307 308 308 310 312 312 314 317 318 318 318 326 326 328 328 328 328 330 331 333 334 335 336 339 339 340 341 341 344 344 346 346 348 356 357 357 360 361 361 362 364 366 372 372 373 380 380 380 381 382 382 383 386 386 386 386 387 388 390
