t	b(t)
50	2.94319
100	2.827031999999998
150	2.716771
200	2.718419000000001
250	2.6674039999999994
300	2.6788089999999998
350	2.608759
400	2.5851250000000006
450	2.4150090000000004
500	2.4312579999999993
550	2.3283140000000007
600	2.3371369999999994
650	2.297399
700	2.2731399999999997
750	2.300472999999999
800	2.1518259999999994
850	2.1516950000000006
900	2.1686110000000003
950	2.110729
1000	1.9804000000000013
1050	1.9385289999999997
1100	1.880470999999999
1150	1.8595990000000002
1200	1.8398600000000003
1250	1.7860339999999997
1300	1.7900040000000002
1350	1.8052300000000006
1400	1.7753919999999999
1450	1.7675469999999995
1500	1.767267
1550	1.7597529999999983
1600	1.7550919999999997
1650	1.7541870000000006
1700	1.7533349999999999
1750	1.7379699999999998
1800	1.6778959999999998
1850	1.6155380000000006
1900	1.589482
1950	1.5583559999999992
2000	1.5295599999999996
2050	1.5214010000000004
2100	1.5318030000000002
2150	1.5292879999999998
2200	1.5273240000000001
2250	1.5249760000000003
2300	1.510963
2350	1.4952439999999998
2400	1.4857990000000003
2450	1.4725889999999995
2500	1.4732359999999998
2550	1.447855
2600	1.4390779999999994
2650	1.432403
2700	1.393422
2750	1.392133
2800	1.392281
2850	1.373666
2900	1.363159
2950	1.333215
3000	1.3303689999999997
3050	1.3307029999999995
3100	1.3133259999999998
3150	1.3172229999999996
3200	1.3142119999999995
3250	1.317599
3300	1.303931
3350	1.3048530000000003
3400	1.2913370000000004
3450	1.2963089999999995
3500	1.285282
3550	1.2780550000000002
3600	1.2784410000000002
3650	1.277454
3700	1.2639229999999997
3750	1.2614980000000005
3800	1.2641759999999995
3850	1.2609550000000003
3900	1.2610320000000004
3950	1.2617180000000006
4000	1.2602749999999998
4050	1.2582270000000004
4100	1.256554
4150	1.2409249999999998
4200	1.238747
4250	1.232856
4300	1.234863
4350	1.240216
4400	1.240448
4450	1.2372480000000003
4500	1.2393919999999998
4550	1.2380320000000002
4600	1.2394329999999996
4650	1.242504
4700	1.2424860000000002
4750	1.2128839999999996
4800	1.203291
4850	1.1975999999999998
4900	1.2027399999999997
4950	1.2042239999999997
5000	1.206882
5050	1.2022419999999996
5100	1.2011270000000007
5150	1.1988360000000005
5200	1.2011029999999994
5250	1.2027589999999995
5300	1.2010379999999998
5350	1.1999109999999997
5400	1.198307
5450	1.1769850000000002
5500	1.1676770000000003
5550	1.1632699999999996
5600	1.1659619999999997
5650	1.1646519999999994
5700	1.1664109999999996
5750	1.1637780000000002
5800	1.1633719999999999
5850	1.160968
5900	1.16338
5950	1.162439
6000	1.163478
6050	1.1334650000000004
6100	1.1285920000000003
6150	1.119958000000001
6200	1.115262
6250	1.112898
6300	1.0980130000000001
6350	1.0975770000000005
6400	1.0926050000000007
6450	1.0919270000000003
6500	1.0828070000000003
6550	1.0812219999999997
6600	1.0787759999999997
6650	1.0771350000000006
6700	1.078067
6750	1.0777209999999997
6800	1.0783470000000002
6850	1.0794860000000002
6900	1.080864
6950	1.083787
7000	1.0836990000000004
7050	1.0864929999999995
7100	1.0643189999999996
7150	1.061885
7200	1.0589330000000003
7250	1.059525
7300	1.059919
7350	1.028557
7400	1.0290350000000004
7450	1.0296760000000003
7500	1.0187299999999997
7550	1.0153349999999997
7600	1.0106519999999997
7650	1.0101949999999997
7700	1.0071809999999994
7750	1.0006739999999998
7800	0.993157
7850	0.987599
7900	0.97101
7950	0.9699390000000007
8000	0.9719140000000004
8050	0.9662620000000003
8100	0.9610059999999998
8150	0.9606810000000001
8200	0.9604140000000002
8250	0.9587389999999999
8300	0.958724
8350	0.9606419999999994
8400	0.9624119999999995
8450	0.96101
8500	0.9601719999999996
8550	0.955654
8600	0.9579340000000003
8650	0.9580960000000001
8700	0.9595030000000001
8750	0.9594869999999999
8800	0.9474059999999997
8850	0.9439289999999998
8900	0.9400130000000005
8950	0.9400009999999998
9000	0.9336680000000004
9050	0.932984
9100	0.9332539999999997
9150	0.9343089999999998
9200	0.9289959999999999
9250	0.9308440000000001
9300	0.9158049999999999
9350	0.9024369999999999
9400	0.9034339999999996
9450	0.9017999999999999
9500	0.9036739999999999
9550	0.9003230000000001
9600	0.8908169999999997
9650	0.8900390000000001
9700	0.889515
9750	0.8887130000000002
9800	0.8871709999999996
9850	0.8878369999999997
9900	0.8856440000000001
9950	0.8833379999999997
10000	0.8847000000000003
10050	0.8836039999999998
10100	0.8809640000000002
10150	0.880209
10200	0.8779940000000004
10250	0.8785440000000002
10300	0.8795350000000002
10350	0.8730070000000003
10400	0.8702550000000006
10450	0.8646410000000004
10500	0.8621569999999998
10550	0.8616929999999998
10600	0.8617150000000001
10650	0.8624050000000001
10700	0.8479000000000001
10750	0.8489540000000001
10800	0.8499050000000002
10850	0.8438490000000002
10900	0.8452140000000001
10950	0.8398120000000001
11000	0.8369739999999999
11050	0.8371689999999998
11100	0.8333359999999999
11150	0.8343140000000001
11200	0.8329750000000001
11250	0.8346250000000001
11300	0.834492
11350	0.835866
11400	0.833363
11450	0.834145
11500	0.8351160000000002
11550	0.8337049999999998
11600	0.8346370000000001
11650	0.8323549999999998
11700	0.8322019999999999
11750	0.8288169999999999
11800	0.8295940000000005
11850	0.8298630000000001
11900	0.8287069999999999
11950	0.829554
12000	0.8297249999999998
12050	0.8302229999999997
12100	0.8298979999999997
12150	0.8312019999999998
12200	0.832022
12250	0.8324729999999999
12300	0.8316990000000001
12350	0.8327900000000004
12400	0.833224
12450	0.8341350000000002
12500	0.8335960000000003
12550	0.8321160000000001
12600	0.832917
12650	0.829303
12700	0.8279909999999998
12750	0.8238690000000003
12800	0.8232720000000002
12850	0.8233089999999998
12900	0.8209030000000006
12950	0.8213350000000003
13000	0.8220699999999997
13050	0.8108669999999999
13100	0.8107889999999999
13150	0.8076550000000001
13200	0.8082109999999999
13250	0.8049159999999996
13300	0.8061119999999997
13350	0.8037259999999996
13400	0.802147
13450	0.8028650000000002
13500	0.8027960000000002
13550	0.7994849999999997
13600	0.8007149999999997
13650	0.8011319999999997
13700	0.797824
13750	0.7973570000000001
13800	0.7964730000000003
13850	0.793587
13900	0.7935810000000002
13950	0.7930239999999997
14000	0.7924839999999999
14050	0.792972
14100	0.7935649999999996
14150	0.7935549999999998
14200	0.791363
14250	0.7904649999999998
14300	0.7909449999999997
14350	0.7899290000000001
14400	0.7899200000000001
14450	0.78834
14500	0.7881679999999999
14550	0.7862260000000001
14600	0.7861410000000001
14650	0.7866980000000001
14700	0.7870420000000001
14750	0.7867720000000001
14800	0.7844449999999997
14850	0.7810250000000001
14900	0.7767430000000002
14950	0.776343
15000	0.7769219999999999
15050	0.7763750000000003
15100	0.7763570000000002
15150	0.776129
15200	0.7755059999999999
15250	0.7756019999999999
15300	0.7749520000000001
15350	0.7746900000000003
15400	0.7740589999999997
15450	0.7747320000000002
15500	0.7730110000000004
15550	0.773409
15600	0.7737440000000002
15650	0.7749650000000001
15700	0.774666
15750	0.7740039999999998
15800	0.7737939999999998
15850	0.7728620000000003
15900	0.7694610000000001
15950	0.7621649999999996
16000	0.7599980000000001
16050	0.76018
16100	0.7598479999999997
16150	0.749637
16200	0.750131
16250	0.7502009999999997
16300	0.7511179999999997
16350	0.7488189999999999
16400	0.7491360000000004
16450	0.7482380000000001
16500	0.7493209999999999
16550	0.7355699999999997
16600	0.736613
16650	0.7368480000000003
16700	0.7355910000000001
16750	0.7340690000000003
16800	0.7350980000000003
16850	0.7354940000000001
16900	0.7329390000000003
16950	0.729746
17000	0.729449
17050	0.7302160000000002
17100	0.730096
17150	0.729889
17200	0.7304010000000001
17250	0.729983
17300	0.7243789999999999
17350	0.7238869999999996
17400	0.71954
17450	0.7191269999999998
17500	0.7196379999999999
17550	0.719446
17600	0.720132
17650	0.7203050000000001
17700	0.7204929999999998
17750	0.7206829999999997
17800	0.7178109999999996
17850	0.7176769999999999
17900	0.717875
17950	0.718862
18000	0.7199979999999997
18050	0.7198169999999999
18100	0.7175579999999999
18150	0.7147579999999999
18200	0.7150749999999998
18250	0.7145749999999998
18300	0.7126409999999999
18350	0.712491
18400	0.7060420000000002
18450	0.704438
18500	0.7044679999999999
18550	0.7051539999999998
18600	0.704909
18650	0.703362
18700	0.7033990000000001
18750	0.69958
18800	0.6972519999999999
18850	0.698035
18900	0.698882
18950	0.6993339999999999
19000	0.6991689999999998
19050	0.6993609999999998
19100	0.7001040000000001
19150	0.700701
19200	0.7015670000000002
19250	0.7014850000000002
19300	0.699265
19350	0.6996999999999999
19400	0.700297
19450	0.7004989999999998
19500	0.7012259999999999
19550	0.7008030000000001
19600	0.6995760000000001
19650	0.6977419999999995
19700	0.695346
19750	0.6937040000000003
19800	0.6936910000000003
19850	0.692839
19900	0.6928399999999999
19950	0.6929569999999999
20000	0.6935899999999999
20050	0.6925820000000003
20100	0.690711
20150	0.6884660000000001
20200	0.6891079999999999
20250	0.6880919999999996
20300	0.6884979999999998
20350	0.6870420000000002
20400	0.687478
20450	0.687495
20500	0.6875410000000001
20550	0.687746
20600	0.6875020000000001
20650	0.6877459999999997
20700	0.688159
20750	0.6882980000000001
20800	0.6886549999999998
20850	0.6858399999999998
20900	0.685567
20950	0.6862080000000002
21000	0.6866110000000001
21050	0.684496
21100	0.682427
21150	0.6823509999999999
21200	0.6827420000000001
21250	0.68226
21300	0.6827149999999998
21350	0.683869
21400	0.6836389999999999
21450	0.6831759999999999
21500	0.6832059999999999
21550	0.6799049999999996
21600	0.6791779999999998
21650	0.6799679999999999
21700	0.6801920000000001
21750	0.6800340000000005
21800	0.6807120000000001
21850	0.6770979999999999
21900	0.67758
21950	0.6760379999999998
22000	0.674986
22050	0.6735680000000002
22100	0.67074
22150	0.668578
22200	0.6682349999999996
22250	0.6686469999999999
22300	0.66798
22350	0.6671710000000002
22400	0.6667000000000001
22450	0.6630869999999995
22500	0.6616210000000001
22550	0.6619900000000004
22600	0.6625240000000001
22650	0.6628280000000002
22700	0.66137
22750	0.6617149999999999
22800	0.661478
22850	0.6594289999999998
22900	0.659094
22950	0.6582940000000002
23000	0.6589320000000001
23050	0.6587689999999999
23100	0.6584489999999998
23150	0.6585409999999996
23200	0.6574849999999998
23250	0.6576699999999996
23300	0.6570459999999998
23350	0.6563349999999999
23400	0.6558610000000001
23450	0.651885
23500	0.6509440000000001
23550	0.6509550000000002
23600	0.6505130000000001
23650	0.6491849999999998
23700	0.6489600000000002
23750	0.6494010000000001
23800	0.6495069999999998
23850	0.650145
23900	0.6504450000000002
23950	0.6506990000000004
24000	0.6504449999999998
24050	0.6505110000000001
24100	0.6500679999999999
24150	0.6499339999999998
24200	0.6506219999999999
24250	0.650782
24300	0.644218
24350	0.6440249999999998
24400	0.6426509999999998
24450	0.6430010000000002
24500	0.6433030000000004
24550	0.642934
24600	0.6433780000000001
24650	0.6429450000000001
24700	0.6414260000000003
24750	0.6393019999999998
24800	0.6393070000000001
24850	0.6391550000000003
24900	0.6388050000000002
24950	0.6381490000000002
