t	s(t)
50	97.81
100	130.33
150	159.95
200	186.81
250	210.66
300	232.5
350	253.18
400	273.67
450	293.74
500	312.14
550	330.18
600	347.72
650	365.31
700	381.68
750	396.8
800	412.63
850	427.75
900	442.86
950	457.12
1000	470.61
1050	484.6
1100	498.58
1150	512.16
1200	525.18
1250	537.8
1300	551.4
1350	564.1
1400	576.67
1450	588.61
1500	600.67
1550	612.63
1600	624.3
1650	635.87
1700	646.6
1750	658.26
1800	669.37
1850	680.53
1900	691.09
1950	702.41
2000	712.22
2050	722.71
2100	733.03
2150	743.31
2200	753.04
2250	762.77
2300	773.43
2350	783.05
2400	792.75
2450	802.48
2500	812.23
2550	822.39
2600	832.84
2650	842.56
2700	852.03
2750	861.8
2800	870.35
2850	879.54
2900	889.06
2950	898.61
3000	907.97
3050	916.48
3100	925.32
3150	934.05
3200	942.79
3250	951.94
3300	961.0
3350	969.82
3400	978.47
3450	987.21
3500	995.67
3550	1004.18
3600	1012.63
3650	1020.85
3700	1029.73
3750	1038.65
3800	1047.45
3850	1055.54
3900	1063.6
3950	1072.01
4000	1079.94
4050	1088.49
4100	1096.39
4150	1105.48
4200	1113.09
4250	1120.22
4300	1127.36
4350	1136.07
4400	1143.87
4450	1151.57
4500	1159.5
4550	1166.7
4600	1174.68
4650	1182.54
4700	1190.42
4750	1197.88
4800	1205.12
4850	1212.84
4900	1219.76
4950	1226.55
5000	1234.17
5050	1241.93
5100	1249.72
5150	1257.03
5200	1264.16
5250	1271.17
5300	1278.76
5350	1286.08
5400	1293.29
5450	1301.08
5500	1308.53
5550	1315.41
5600	1323.19
5650	1330.08
5700	1336.52
5750	1343.38
5800	1350.6
5850	1357.47
5900	1364.11
5950	1370.56
6000	1377.23
6050	1384.05
6100	1390.86
6150	1398.09
6200	1405.48
6250	1412.75
6300	1419.71
6350	1426.02
6400	1432.7
6450	1439.22
6500	1445.76
6550	1452.17
6600	1459.02
6650	1464.92
6700	1470.77
6750	1477.54
6800	1484.1
6850	1490.63
6900	1497.22
6950	1504.11
7000	1510.93
7050	1516.89
7100	1523.07
7150	1529.4
7200	1535.46
7250	1541.52
7300	1548.02
7350	1554.83
7400	1561.0
7450	1567.59
7500	1573.58
7550	1579.95
7600	1585.97
7650	1591.44
7700	1598.12
7750	1604.25
7800	1611.04
7850	1616.88
7900	1622.93
7950	1629.02
8000	1634.97
8050	1641.06
8100	1647.24
8150	1653.14
8200	1659.35
8250	1664.82
8300	1670.82
8350	1676.37
8400	1682.5
8450	1688.06
8500	1694.48
8550	1699.77
8600	1705.73
8650	1711.58
8700	1717.23
8750	1722.79
8800	1728.82
8850	1734.88
8900	1740.54
8950	1747.06
9000	1752.88
9050	1758.28
9100	1764.17
9150	1770.19
9200	1776.05
9250	1781.87
9300	1787.28
9350	1792.91
9400	1799.0
9450	1804.32
9500	1809.93
9550	1815.54
9600	1821.47
9650	1827.18
9700	1832.5
9750	1837.84
9800	1843.28
9850	1848.79
9900	1854.93
9950	1860.63
10000	1866.31
10050	1871.84
10100	1877.46
10150	1883.32
10200	1888.91
10250	1894.54
10300	1900.07
10350	1905.83
10400	1910.99
10450	1916.12
10500	1921.5
10550	1927.32
10600	1932.81
10650	1938.33
10700	1944.22
10750	1949.52
10800	1955.13
10850	1960.51
10900	1965.66
10950	1971.07
11000	1976.58
11050	1982.53
11100	1987.17
11150	1992.45
11200	1997.71
11250	2003.21
11300	2007.86
11350	2013.19
11400	2018.21
11450	2023.91
11500	2029.14
11550	2033.99
11600	2039.16
11650	2044.38
11700	2049.93
11750	2055.16
11800	2060.71
11850	2066.2
11900	2071.11
11950	2076.0
12000	2081.61
12050	2086.29
12100	2091.85
12150	2096.96
12200	2102.32
12250	2107.73
12300	2113.49
12350	2118.03
12400	2123.22
12450	2128.4
12500	2133.51
12550	2138.71
12600	2143.87
12650	2148.81
12700	2153.97
12750	2158.85
12800	2163.82
12850	2168.78
12900	2173.66
12950	2179.42
13000	2184.78
13050	2190.25
13100	2195.02
13150	2199.42
13200	2204.29
13250	2209.16
13300	2213.72
13350	2218.71
13400	2223.64
13450	2228.58
13500	2233.66
13550	2238.54
13600	2243.57
13650	2248.75
13700	2253.29
13750	2258.44
13800	2263.24
13850	2268.42
13900	2272.94
13950	2276.96
14000	2282.28
14050	2286.82
14100	2292.07
14150	2296.83
14200	2301.18
14250	2306.16
14300	2311.43
14350	2316.47
14400	2320.96
14450	2325.76
14500	2330.27
14550	2335.29
14600	2339.67
14650	2344.47
14700	2349.36
14750	2354.79
14800	2359.07
14850	2363.67
14900	2368.43
14950	2372.89
15000	2377.78
15050	2382.38
15100	2387.21
15150	2391.67
15200	2396.2
15250	2401.22
15300	2406.09
15350	2410.53
15400	2415.56
15450	2419.96
15500	2424.16
15550	2428.54
15600	2433.35
15650	2437.92
15700	2442.55
15750	2447.21
15800	2451.9
15850	2456.82
15900	2461.23
15950	2465.88
16000	2470.84
16050	2475.12
16100	2479.92
16150	2484.08
16200	2488.81
16250	2493.05
16300	2497.05
16350	2501.82
16400	2506.09
16450	2510.27
16500	2515.12
16550	2519.64
16600	2523.75
16650	2528.0
16700	2532.35
16750	2536.76
16800	2541.39
16850	2546.14
16900	2550.64
16950	2555.51
17000	2559.83
17050	2564.64
17100	2569.11
17150	2573.41
17200	2577.54
17250	2582.08
17300	2586.71
17350	2590.96
17400	2595.42
17450	2599.72
17500	2604.42
17550	2608.64
17600	2613.1
17650	2617.15
17700	2621.39
17750	2625.61
17800	2629.81
17850	2634.01
17900	2638.73
17950	2643.03
18000	2647.02
18050	2651.28
18100	2655.57
18150	2659.61
18200	2663.82
18250	2668.23
18300	2671.88
18350	2675.84
18400	2680.24
18450	2684.8
18500	2689.28
18550	2693.74
18600	2697.87
18650	2702.18
18700	2706.23
18750	2710.7
18800	2714.8
18850	2718.83
18900	2723.2
18950	2727.44
19000	2731.75
19050	2735.86
19100	2740.25
19150	2744.38
19200	2748.5
19250	2752.63
19300	2756.74
19350	2761.38
19400	2765.44
19450	2769.32
19500	2773.75
19550	2778.36
19600	2782.57
19650	2786.98
19700	2791.1
19750	2795.58
19800	2799.43
19850	2803.61
19900	2807.67
19950	2811.45
20000	2815.16
20050	2819.46
20100	2823.5
20150	2827.59
20200	2831.55
20250	2835.71
20300	2839.93
20350	2844.15
20400	2848.57
20450	2852.78
20500	2857.12
20550	2861.11
20600	2865.46
20650	2869.52
20700	2873.58
20750	2877.66
20800	2882.16
20850	2886.0
20900	2889.66
20950	2893.36
21000	2897.6
21050	2901.93
21100	2906.1
21150	2910.61
21200	2914.65
21250	2918.82
21300	2922.89
21350	2926.87
21400	2930.67
21450	2934.51
21500	2938.86
21550	2942.72
21600	2946.48
21650	2950.55
21700	2954.65
21750	2958.61
21800	2962.29
21850	2966.69
21900	2970.81
21950	2974.74
22000	2978.94
22050	2983.29
22100	2987.33
22150	2990.81
22200	2994.63
22250	2998.73
22300	3002.9
22350	3006.51
22400	3010.09
22450	3014.13
22500	3018.03
22550	3021.73
22600	3025.62
22650	3029.87
22700	3034.2
22750	3038.33
22800	3042.13
22850	3045.93
22900	3050.17
22950	3053.87
23000	3057.53
23050	3061.08
23100	3064.99
23150	3068.8
23200	3072.81
23250	3076.84
23300	3080.57
23350	3084.44
23400	3088.46
23450	3092.42
23500	3096.36
23550	3099.88
23600	3103.6
23650	3107.65
23700	3111.69
23750	3115.46
23800	3118.86
23850	3122.55
23900	3126.38
23950	3130.7
24000	3134.98
24050	3138.99
24100	3142.71
24150	3147.0
24200	3150.68
24250	3154.62
24300	3158.28
24350	3162.06
24400	3165.69
24450	3169.67
24500	3173.05
24550	3177.16
24600	3181.17
24650	3185.03
24700	3188.75
24750	3192.86
24800	3196.86
24850	3200.71
24900	3204.8
24950	3208.65
