t	b(t)
1000	4.225847999999999
1050	4.156191
1100	4.071117
1150	4.032989999999999
1200	3.9862980000000006
1250	4.036955000000001
1300	4.055270999999999
1350	3.9618940000000014
1400	3.9232699999999987
1450	3.9113680000000013
1500	3.910397999999999
1550	3.885020999999999
1600	3.879764000000001
1650	3.8747299999999996
1700	3.8591810000000004
1750	3.8368320000000016
1800	3.799528000000001
1850	3.7756920000000003
1900	3.794944000000001
1950	3.8036979999999994
2000	3.717503999999999
2050	3.7006839999999994
2100	3.6985280000000014
2150	3.669943999999999
2200	3.6290200000000006
2250	3.6210669999999987
2300	3.564856
2350	3.496854999999999
2400	3.4431440000000015
2450	3.3748280000000013
2500	3.3686750000000005
2550	3.3262899999999997
2600	3.329445999999999
2650	3.2739280000000015
2700	3.2846710000000003
2750	3.248049
2800	3.207744
2850	3.1881079999999997
2900	3.154936
2950	3.103946
3000	3.10326
3050	3.077365000000001
3100	3.0770430000000006
3150	3.0576089999999994
3200	3.0435739999999987
3250	3.0441110000000013
3300	3.0229409999999994
3350	2.975572000000001
3400	2.9730369999999997
3450	2.962676
3500	2.9185769999999995
3550	2.9236829999999987
3600	2.8947739999999995
3650	2.888256000000001
3700	2.872363999999999
3750	2.839463999999999
3800	2.8317450000000006
3850	2.825937
3900	2.8299279999999998
3950	2.8339830000000013
4000	2.8181849999999993
4050	2.8200019999999997
4100	2.786417
4150	2.777036000000001
4200	2.743530000000001
4250	2.7402029999999993
4300	2.735996999999999
4350	2.7333199999999986
4400	2.7321359999999992
4450	2.7312350000000016
4500	2.7264889999999995
4550	2.723550999999999
4600	2.7187
4650	2.714809
4700	2.717298000000001
4750	2.704649
4800	2.691748
4850	2.6909480000000014
4900	2.6947270000000016
4950	2.6816790000000013
5000	2.6613560000000005
5050	2.6486450000000006
5100	2.6192839999999995
5150	2.595895999999999
5200	2.5968299999999993
5250	2.589112999999999
5300	2.5928570000000004
5350	2.586154
5400	2.5488080000000006
5450	2.5455799999999997
5500	2.5460269999999987
5550	2.544583
5600	2.509918999999999
5650	2.4850719999999997
5700	2.4924569999999995
5750	2.494206
5800	2.487928
5850	2.4825550000000005
5900	2.487689000000001
5950	2.4875819999999997
6000	2.4678079999999993
6050	2.4771579999999993
6100	2.468792999999999
6150	2.465475999999999
6200	2.469315000000001
6250	2.4416510000000007
6300	2.443301
6350	2.4379370000000002
6400	2.4309050000000005
6450	2.435458999999999
6500	2.4215469999999994
6550	2.42166
6600	2.4116149999999994
6650	2.4101740000000005
6700	2.3936760000000006
6750	2.3867200000000017
6800	2.3817190000000004
6850	2.3787780000000005
6900	2.3796460000000006
6950	2.3757000000000006
7000	2.378307
7050	2.3624050000000008
7100	2.362731000000001
7150	2.363962000000001
7200	2.358075
7250	2.357601
7300	2.3559009999999994
7350	2.3584889999999987
7400	2.336271999999999
7450	2.3203849999999995
7500	2.3245329999999993
7550	2.312347
7600	2.301504
7650	2.29033
7700	2.2827010000000003
7750	2.282679999999999
7800	2.275467999999999
7850	2.2631480000000006
7900	2.260091
7950	2.257677999999999
8000	2.2610669999999984
8050	2.2512269999999988
8100	2.2414729999999996
8150	2.237674
8200	2.2333089999999998
8250	2.229169999999999
8300	2.2266770000000005
8350	2.2310100000000004
8400	2.2310719999999997
8450	2.2286520000000003
8500	2.22295
8550	2.2287670000000004
8600	2.228215
8650	2.224712
8700	2.216694
8750	2.2118639999999994
8800	2.2113210000000008
8850	2.2031010000000015
8900	2.1953560000000003
8950	2.199344
9000	2.2019659999999988
9050	2.193096999999999
9100	2.189851
9150	2.185443
9200	2.186526
9250	2.189343000000001
9300	2.1908740000000004
9350	2.185248000000001
9400	2.1681409999999994
9450	2.1663010000000003
9500	2.162307
9550	2.1628360000000004
9600	2.1583460000000003
9650	2.1624169999999996
9700	2.132050000000001
9750	2.1347210000000003
9800	2.137759
9850	2.127476999999999
9900	2.1089629999999997
9950	2.1097210000000004
10000	2.108671
10050	2.1078810000000003
10100	2.1081909999999997
10150	2.101395
10200	2.0978839999999996
10250	2.0989149999999994
10300	2.1015639999999998
10350	2.102313
10400	2.104915
10450	2.1102070000000004
10500	2.106295999999999
10550	2.1012329999999997
10600	2.0933149999999987
10650	2.095183
10700	2.094544
10750	2.0979429999999994
10800	2.0991480000000005
10850	2.1018130000000004
10900	2.0995230000000005
10950	2.0897510000000006
11000	2.0861269999999994
11050	2.0893439999999996
11100	2.09203
11150	2.083796
11200	2.086455
11250	2.0842549999999993
11300	2.0861639999999997
11350	2.0848169999999997
11400	2.0808269999999998
11450	2.07953
11500	2.0750770000000003
11550	2.0776559999999993
11600	2.079189999999999
11650	2.0824839999999996
11700	2.083888999999999
11750	2.0867999999999998
11800	2.0779279999999996
11850	2.068455999999999
11900	2.0725749999999996
11950	2.069883000000001
12000	2.0706100000000007
12050	2.065707
12100	2.064347
12150	2.0649640000000007
12200	2.0684500000000003
12250	2.0710889999999993
12300	2.0706050000000014
12350	2.070713
12400	2.0705370000000003
12450	2.074179000000001
12500	2.064790000000001
12550	2.062193
12600	2.0625649999999998
12650	2.055946
12700	2.054705
12750	2.0589269999999997
12800	2.0629310000000003
12850	2.0628469999999997
12900	2.0589079999999997
12950	2.059207
13000	2.050944
13050	2.0533659999999996
13100	2.0562920000000005
13150	2.0470349999999997
13200	2.047999
13250	2.050383
13300	2.0507509999999995
13350	2.0539739999999984
13400	2.0510349999999993
13450	2.043818999999999
13500	2.04501
13550	2.046892
13600	2.049252
13650	2.042507
13700	2.044547
13750	2.041818999999999
13800	2.0363829999999994
13850	2.040177999999999
13900	2.042741999999999
13950	2.0456879999999997
14000	2.0437249999999985
14050	2.0410549999999987
14100	2.044517999999999
14150	2.045542
14200	2.047762000000001
14250	2.050295
14300	2.042356
14350	2.041475
14400	2.031399000000001
14450	2.0272570000000005
14500	2.025095000000001
14550	2.017147
14600	2.011631
14650	2.0132060000000003
14700	2.015393000000001
14750	2.0138290000000003
14800	2.0174950000000003
14850	2.0192710000000007
14900	2.0226520000000003
14950	2.022464
15000	1.9702680000000001
15050	1.9581369999999998
15100	1.9585649999999994
15150	1.9580309999999994
15200	1.9329830000000001
15250	1.932353
15300	1.9300620000000002
15350	1.9267510000000003
15400	1.9204920000000003
15450	1.9208349999999998
15500	1.875577000000001
15550	1.871903000000001
15600	1.8739680000000005
15650	1.8705159999999994
15700	1.8713170000000003
15750	1.869263000000001
15800	1.8714109999999997
15850	1.8735969999999997
15900	1.8726100000000006
15950	1.8722270000000005
16000	1.8748949999999993
16050	1.8741730000000008
16100	1.866516
16150	1.8679799999999995
16200	1.867353
16250	1.8646069999999997
16300	1.8649229999999997
16350	1.8672130000000005
16400	1.8408019999999996
16450	1.8382929999999995
16500	1.8350489999999993
16550	1.833271
16600	1.832246
16650	1.8341660000000002
16700	1.8311239999999993
16750	1.8289749999999991
16800	1.8283729999999991
16850	1.8261980000000002
16900	1.8290420000000012
16950	1.8056910000000008
17000	1.8066050000000005
17050	1.8083479999999994
17100	1.8094290000000006
17150	1.811985
17200	1.813633999999999
17250	1.8141579999999993
17300	1.8156959999999995
17350	1.8167860000000005
17400	1.8136350000000008
17450	1.8151960000000005
17500	1.8135230000000004
17550	1.8073509999999997
17600	1.805486
17650	1.8053410000000005
17700	1.8065220000000004
17750	1.8058359999999996
17800	1.8062410000000002
17850	1.8064709999999993
17900	1.8070220000000001
17950	1.8076990000000006
18000	1.807087
18050	1.8089079999999995
18100	1.8112879999999996
18150	1.8097320000000006
18200	1.789621
18250	1.7839739999999997
18300	1.7752319999999997
18350	1.7762929999999997
18400	1.7764879999999998
18450	1.7635810000000003
18500	1.7619810000000007
18550	1.7626220000000006
18600	1.7592760000000005
18650	1.7526650000000004
18700	1.7510170000000003
18750	1.7518630000000013
18800	1.7535710000000002
18850	1.7505510000000004
18900	1.746783
18950	1.7415369999999992
19000	1.7432059999999998
19050	1.7413300000000005
19100	1.7358960000000005
19150	1.7362009999999999
19200	1.7365039999999998
19250	1.7369720000000004
19300	1.7353889999999996
19350	1.7360939999999996
19400	1.7360759999999988
19450	1.7366249999999999
19500	1.7366240000000002
19550	1.7210140000000005
19600	1.721359000000001
19650	1.7214659999999997
19700	1.7208559999999995
19750	1.7143750000000002
19800	1.7119820000000003
19850	1.7115029999999996
19900	1.7119649999999993
19950	1.711937
20000	1.7108179999999993
20050	1.711052
20100	1.7121799999999998
20150	1.7136479999999992
20200	1.7155259999999997
20250	1.7078239999999996
20300	1.7092679999999993
20350	1.7098820000000001
20400	1.7071050000000003
20450	1.707559
20500	1.707993
20550	1.708613
20600	1.7056800000000003
20650	1.7058749999999998
20700	1.7066389999999987
20750	1.7080899999999994
20800	1.7096219999999998
20850	1.7100559999999998
20900	1.7121030000000002
20950	1.712603
21000	1.7128819999999993
21050	1.714326999999999
21100	1.7040099999999994
21150	1.7042419999999994
21200	1.7041159999999997
21250	1.7048839999999992
21300	1.7050789999999996
21350	1.672917999999999
21400	1.6750459999999998
21450	1.6701939999999993
21500	1.6705160000000006
21550	1.6709800000000001
21600	1.6707120000000004
21650	1.6650619999999996
21700	1.6660259999999996
21750	1.6660549999999994
21800	1.6596909999999996
21850	1.6594380000000002
21900	1.6559029999999995
21950	1.6499120000000003
22000	1.6459610000000007
22050	1.6430540000000007
22100	1.6419660000000005
22150	1.6421980000000007
22200	1.641890000000001
22250	1.637791
22300	1.635592
22350	1.635682
22400	1.636193
22450	1.636235
22500	1.6381089999999994
22550	1.639629
22600	1.6394709999999997
22650	1.6395990000000003
22700	1.639435
22750	1.6346439999999995
22800	1.635097
22850	1.6286530000000001
22900	1.629611
22950	1.6283829999999997
23000	1.6292689999999999
23050	1.6276379999999995
23100	1.6278580000000002
23150	1.6286389999999997
23200	1.6231599999999997
23250	1.6205109999999991
23300	1.6212229999999999
23350	1.6188929999999997
23400	1.62011
23450	1.618263999999999
23500	1.6134549999999988
23550	1.615853
23600	1.6165579999999995
23650	1.618375000000001
23700	1.619831
23750	1.6211370000000003
23800	1.621713
23850	1.6220579999999998
23900	1.6173159999999993
23950	1.6164339999999993
24000	1.6167600000000004
24050	1.6147629999999997
24100	1.616537
24150	1.616006
24200	1.6161769999999993
24250	1.616703
24300	1.6183790000000005
24350	1.6156270000000006
24400	1.6163439999999993
24450	1.6096759999999997
24500	1.6082320000000003
24550	1.6091009999999997
24600	1.6065599999999998
24650	1.6071619999999998
24700	1.6037130000000002
24750	1.6021600000000007
24800	1.6027940000000007
24850	1.6019660000000004
24900	1.6028810000000002
24950	1.6039060000000007
