t	s(t)
100	86.38
150	106.46
200	124.19
250	141.45
300	155.88
350	171.36
400	185.73
450	198.58
500	212.23
550	223.87
600	235.64
650	247.48
700	258.96
750	270.24
800	281.55
850	292.09
900	302.94
950	313.55
1000	323.92
1050	333.57
1100	343.2
1150	353.2
1200	363.02
1250	372.76
1300	381.37
1350	389.83
1400	398.81
1450	407.25
1500	416.06
1550	424.86
1600	432.86
1650	440.94
1700	449.47
1750	457.24
1800	465.6
1850	473.5
1900	482.01
1950	489.38
2000	497.22
2050	504.17
2100	511.78
2150	519.0
2200	526.6
2250	534.0
2300	541.2
2350	548.42
2400	555.76
2450	562.6
2500	569.09
2550	576.18
2600	582.93
2650	590.09
2700	596.89
2750	603.64
2800	610.31
2850	616.69
2900	622.98
2950	629.4
3000	635.84
3050	642.07
3100	648.52
3150	654.34
3200	660.68
3250	666.74
3300	673.41
3350	679.78
3400	686.3
3450	692.43
3500	698.81
3550	704.38
3600	709.85
3650	715.69
3700	721.58
3750	726.99
3800	732.87
3850	738.88
3900	744.5
3950	750.07
4000	755.63
4050	761.42
4100	767.1
4150	773.1
4200	779.1
4250	785.17
4300	790.6
4350	795.77
4400	800.75
4450	807.07
4500	813.19
4550	818.44
4600	823.81
4650	829.53
4700	835.43
4750	840.79
4800	845.63
4850	850.91
4900	856.52
4950	861.64
5000	866.73
5050	871.62
5100	876.48
5150	881.6
5200	886.93
5250	892.27
5300	897.39
5350	902.62
5400	907.78
5450	913.08
5500	917.82
5550	922.78
5600	928.19
5650	933.63
5700	938.76
5750	943.81
5800	948.45
5850	952.94
5900	957.68
5950	963.18
6000	968.36
6050	973.1
6100	977.52
6150	982.21
6200	986.69
6250	991.11
6300	995.56
6350	999.94
6400	1004.68
6450	1009.53
6500	1013.99
6550	1018.79
6600	1023.79
6650	1028.14
6700	1033.11
6750	1038.22
6800	1042.91
6850	1047.49
6900	1051.74
6950	1056.09
7000	1060.15
7050	1064.49
7100	1069.61
7150	1074.21
7200	1078.78
7250	1083.39
7300	1088.05
7350	1092.58
7400	1096.8
7450	1101.03
7500	1105.49
7550	1110.18
7600	1114.46
7650	1118.58
7700	1123.03
7750	1127.5
7800	1131.71
7850	1135.63
7900	1140.26
7950	1144.44
8000	1149.13
8050	1153.53
8100	1157.86
8150	1162.24
8200	1166.46
8250	1170.27
8300	1174.51
8350	1178.83
8400	1183.35
8450	1187.76
8500	1191.65
8550	1195.66
8600	1200.11
8650	1204.49
8700	1208.71
8750	1212.63
8800	1216.84
8850	1221.02
8900	1225.73
8950	1229.75
9000	1233.65
9050	1237.67
9100	1241.74
9150	1245.5
9200	1249.48
9250	1253.53
9300	1257.5
9350	1261.53
9400	1265.16
9450	1269.48
9500	1273.57
9550	1277.26
9600	1281.32
9650	1285.03
9700	1289.35
9750	1293.36
9800	1297.41
9850	1301.78
9900	1305.62
9950	1309.47
10000	1313.83
10050	1317.66
10100	1321.81
10150	1325.92
10200	1329.89
10250	1333.41
10300	1337.2
10350	1341.16
10400	1344.83
10450	1348.25
10500	1352.04
10550	1355.34
10600	1359.37
10650	1363.1
10700	1367.15
10750	1370.81
10800	1374.76
10850	1378.62
10900	1382.18
10950	1386.0
11000	1390.03
11050	1394.11
11100	1397.86
11150	1401.55
11200	1405.24
11250	1409.26
11300	1413.15
11350	1417.0
11400	1420.82
11450	1424.39
11500	1427.96
11550	1431.32
11600	1435.39
11650	1439.23
11700	1442.98
11750	1446.13
11800	1449.77
11850	1453.36
11900	1456.86
11950	1460.85
12000	1464.44
12050	1468.06
12100	1471.98
12150	1475.52
12200	1479.22
12250	1483.42
12300	1487.19
12350	1490.81
12400	1494.87
12450	1498.33
12500	1502.17
12550	1506.18
12600	1509.96
12650	1513.81
12700	1517.29
12750	1520.89
12800	1524.34
12850	1527.69
12900	1531.59
12950	1535.37
13000	1539.04
13050	1542.86
13100	1546.78
13150	1550.36
13200	1553.94
13250	1557.87
13300	1561.55
13350	1565.29
13400	1569.03
13450	1572.43
13500	1576.58
13550	1579.93
13600	1583.52
13650	1587.12
13700	1590.3
13750	1593.7
13800	1597.14
13850	1600.71
13900	1604.02
13950	1607.63
14000	1611.01
14050	1614.71
14100	1618.14
14150	1621.73
14200	1625.46
14250	1628.69
14300	1632.59
14350	1636.42
14400	1639.89
14450	1642.98
14500	1646.23
14550	1649.7
14600	1653.17
14650	1656.36
14700	1659.61
14750	1663.15
14800	1666.88
14850	1670.74
14900	1674.11
14950	1677.48
15000	1680.87
15050	1684.35
15100	1687.68
15150	1690.97
15200	1694.41
15250	1697.63
15300	1701.0
15350	1704.09
15400	1707.46
15450	1710.67
15500	1713.69
15550	1716.56
15600	1720.09
15650	1723.2
15700	1726.45
15750	1730.01
15800	1733.71
15850	1736.69
15900	1740.1
15950	1743.94
16000	1747.06
16050	1750.45
16100	1753.75
16150	1756.78
16200	1760.0
16250	1763.1
16300	1766.05
16350	1769.22
16400	1772.44
16450	1775.48
16500	1778.7
16550	1781.74
16600	1784.94
16650	1788.24
16700	1791.35
16750	1794.76
16800	1798.16
16850	1801.71
16900	1804.9
16950	1808.09
17000	1811.61
17050	1814.77
17100	1818.17
17150	1821.14
17200	1824.39
17250	1827.57
17300	1830.54
17350	1833.71
17400	1836.87
17450	1840.29
17500	1843.45
17550	1846.43
17600	1849.48
17650	1852.79
17700	1855.97
17750	1859.08
17800	1862.47
17850	1865.85
17900	1868.99
17950	1871.63
18000	1874.25
18050	1877.46
18100	1880.54
18150	1883.63
18200	1886.8
18250	1889.8
18300	1892.73
18350	1895.54
18400	1898.95
18450	1901.73
18500	1904.74
18550	1907.98
18600	1910.87
18650	1914.2
18700	1917.2
18750	1920.57
18800	1923.64
18850	1926.92
18900	1930.17
18950	1933.18
19000	1936.39
19050	1939.35
19100	1942.28
19150	1945.39
19200	1948.13
19250	1951.28
19300	1954.44
19350	1957.48
19400	1960.41
19450	1963.37
19500	1966.44
19550	1969.53
19600	1972.23
19650	1975.36
19700	1978.55
19750	1981.82
19800	1984.68
19850	1987.4
19900	1990.54
19950	1993.5
20000	1996.15
20050	1999.02
20100	2002.26
20150	2005.11
20200	2008.24
20250	2011.37
20300	2014.06
20350	2016.77
20400	2019.84
20450	2022.94
20500	2025.88
20550	2028.93
20600	2031.74
20650	2034.55
20700	2037.75
20750	2040.46
20800	2043.22
20850	2045.74
20900	2048.65
20950	2051.45
21000	2054.54
21050	2057.59
21100	2060.19
21150	2062.9
21200	2065.94
21250	2069.19
21300	2072.01
21350	2075.12
21400	2077.87
21450	2080.55
21500	2083.17
21550	2085.93
21600	2088.51
21650	2091.59
21700	2094.88
21750	2097.57
21800	2100.04
21850	2102.93
21900	2105.93
21950	2108.64
22000	2111.17
22050	2114.0
22100	2116.68
22150	2119.23
22200	2121.95
22250	2124.91
22300	2127.46
22350	2130.52
22400	2133.32
22450	2136.22
22500	2139.2
22550	2141.98
22600	2145.13
22650	2148.15
22700	2151.01
22750	2153.91
22800	2156.28
22850	2158.94
22900	2162.17
22950	2164.77
23000	2167.25
23050	2170.12
23100	2173.03
23150	2175.58
23200	2178.48
23250	2180.96
23300	2183.92
23350	2186.4
23400	2189.06
23450	2191.89
23500	2194.48
23550	2196.95
23600	2199.73
23650	2202.57
23700	2205.62
23750	2208.07
23800	2210.96
23850	2213.63
23900	2216.48
23950	2219.25
24000	2221.84
24050	2224.91
24100	2228.03
24150	2230.97
24200	2233.68
24250	2236.36
24300	2239.37
24350	2242.24
24400	2244.82
24450	2247.81
24500	2250.72
24550	2253.13
24600	2255.75
24650	2258.89
24700	2261.45
24750	2264.27
24800	2267.07
24850	2269.78
24900	2272.56
24950	2275.38
