t	b(t)
50	2.2936560000000004
100	2.1644849999999987
150	1.918623
200	1.81377
250	1.7331200000000002
300	1.6688680000000005
350	1.585395
400	1.5351960000000002
450	1.5134629999999998
500	1.4307620000000005
550	1.4123830000000002
600	1.3609369999999996
650	1.3302970000000005
700	1.3187500000000003
750	1.284534
800	1.2691159999999997
850	1.232937
900	1.2147319999999997
950	1.186643
1000	1.1737620000000002
1050	1.1575849999999999
1100	1.1364269999999999
1150	1.0865339999999999
1200	1.064533
1250	1.0467289999999998
1300	1.0139329999999998
1350	1.004917
1400	0.9961460000000004
1450	0.9889799999999999
1500	0.9781199999999999
1550	0.9713860000000001
1600	0.9569259999999994
1650	0.9485370000000001
1700	0.9326319999999998
1750	0.9230539999999995
1800	0.9165220000000004
1850	0.9159570000000002
1900	0.9090080000000004
1950	0.9071780000000003
2000	0.9005649999999998
2050	0.8915039999999999
2100	0.8879250000000002
2150	0.8849270000000001
2200	0.8849009999999997
2250	0.856807
2300	0.8533139999999997
2350	0.8318310000000002
2400	0.8236600000000003
2450	0.7985910000000003
2500	0.791555
2550	0.7798759999999997
2600	0.7781660000000002
2650	0.7750079999999998
2700	0.770939
2750	0.7723750000000001
2800	0.7593359999999997
2850	0.7537300000000002
2900	0.748335
2950	0.7436689999999999
3000	0.736575
3050	0.7318569999999999
3100	0.73064
3150	0.7284979999999999
3200	0.7238860000000001
3250	0.721965
3300	0.7184830000000002
3350	0.7187499999999999
3400	0.714143
3450	0.7041799999999999
3500	0.6884890000000002
3550	0.687497
3600	0.6794820000000001
3650	0.67389
3700	0.6722580000000002
3750	0.669707
3800	0.666874
3850	0.6647230000000002
3900	0.660539
3950	0.658664
4000	0.6544409999999999
4050	0.6519209999999999
4100	0.6492989999999998
4150	0.6466650000000002
4200	0.6436990000000001
4250	0.6394269999999997
4300	0.6390830000000001
4350	0.6361129999999998
4400	0.634838
4450	0.6312340000000001
4500	0.6264180000000001
4550	0.619695
4600	0.6168820000000002
4650	0.6093139999999999
4700	0.6049899999999999
4750	0.6027759999999999
4800	0.6001549999999998
4850	0.5958139999999998
4900	0.5931639999999999
4950	0.592446
5000	0.5901919999999999
5050	0.5888490000000001
5100	0.5868120000000002
5150	0.5855979999999998
5200	0.58037
5250	0.579386
5300	0.57618
5350	0.5723449999999999
5400	0.567914
5450	0.5665590000000003
5500	0.561804
5550	0.5609700000000001
5600	0.5623549999999999
5650	0.562416
5700	0.5590940000000003
5750	0.5569719999999999
5800	0.5566770000000001
5850	0.554645
5900	0.5523400000000003
5950	0.551086
6000	0.5492210000000002
6050	0.5492799999999999
6100	0.5490819999999998
6150	0.5465399999999999
6200	0.5456830000000003
6250	0.541337
6300	0.540192
6350	0.5353459999999999
6400	0.5341640000000002
6450	0.5340589999999998
6500	0.5343350000000001
6550	0.5323600000000002
6600	0.5292160000000002
6650	0.5286859999999998
6700	0.528217
6750	0.5273590000000001
6800	0.5274760000000002
6850	0.5271999999999998
6900	0.527145
6950	0.5249780000000001
7000	0.521808
7050	0.521286
7100	0.5193800000000003
7150	0.5182220000000002
7200	0.5174580000000002
7250	0.516381
7300	0.514687
7350	0.5124779999999999
7400	0.511043
7450	0.511285
7500	0.5104140000000001
7550	0.5108229999999999
7600	0.510386
7650	0.5091750000000003
7700	0.508253
7750	0.507614
7800	0.506186
7850	0.5055189999999999
7900	0.5044719999999999
7950	0.502048
8000	0.49941500000000005
8050	0.49745899999999976
8100	0.4967650000000001
8150	0.49582800000000016
8200	0.49526000000000026
8250	0.49493499999999985
8300	0.4942490000000002
8350	0.4932970000000001
8400	0.49290399999999984
8450	0.49141100000000004
8500	0.49166299999999963
8550	0.49125299999999994
8600	0.4882579999999999
8650	0.4887639999999999
8700	0.4880500000000001
8750	0.487352
8800	0.485628
8850	0.4852639999999998
8900	0.4815929999999998
8950	0.4802430000000001
9000	0.47932200000000014
9050	0.47753499999999993
9100	0.4765850000000001
9150	0.476823
9200	0.4773189999999998
9250	0.476272
9300	0.4753890000000001
9350	0.4731419999999998
9400	0.47160199999999997
9450	0.4702679999999997
9500	0.4701300000000001
9550	0.46937399999999985
9600	0.46824099999999996
9650	0.4678280000000001
9700	0.46558299999999986
9750	0.464649
9800	0.464407
9850	0.462956
9900	0.46242900000000003
9950	0.46246499999999974
10000	0.46098100000000003
10050	0.4578330000000001
10100	0.45649200000000006
10150	0.45603000000000016
10200	0.4554450000000002
10250	0.4545169999999999
10300	0.45376300000000014
10350	0.45409899999999986
10400	0.4531380000000001
10450	0.45305699999999993
10500	0.4520080000000001
10550	0.4504620000000001
10600	0.44756799999999997
10650	0.44576800000000005
10700	0.4457560000000001
10750	0.44480900000000007
10800	0.44390999999999997
10850	0.44386699999999996
10900	0.4436459999999999
10950	0.44223399999999996
11000	0.4414
11050	0.44122100000000003
11100	0.4407570000000001
11150	0.44030300000000017
11200	0.439954
11250	0.43901999999999985
11300	0.43882100000000007
11350	0.43495999999999974
11400	0.434581
11450	0.43345400000000006
11500	0.43331200000000003
11550	0.43305899999999986
11600	0.43275600000000014
11650	0.4318270000000002
11700	0.430812
11750	0.4307199999999999
11800	0.43019200000000013
11850	0.42798000000000014
11900	0.4274029999999999
11950	0.426541
12000	0.4254329999999999
12050	0.4254639999999999
12100	0.42392900000000006
12150	0.42206899999999997
12200	0.4214329999999997
12250	0.42066500000000007
12300	0.41967500000000013
12350	0.4193239999999999
12400	0.41839800000000005
12450	0.41568100000000013
12500	0.41505700000000006
12550	0.4145269999999999
12600	0.4142199999999997
12650	0.41400000000000015
12700	0.41382399999999975
12750	0.413042
12800	0.411879
12850	0.41171800000000014
12900	0.411386
12950	0.4103199999999999
13000	0.40955699999999995
13050	0.4088979999999999
13100	0.4079199999999999
13150	0.4068550000000002
13200	0.40706400000000015
13250	0.40740200000000004
13300	0.40755499999999983
13350	0.40706900000000007
13400	0.40586200000000006
13450	0.4053820000000002
13500	0.40447099999999997
13550	0.4027069999999999
13600	0.4022059999999999
13650	0.4010980000000001
13700	0.4002759999999999
13750	0.400268
13800	0.4002120000000001
13850	0.39968800000000004
13900	0.3993310000000001
13950	0.3978430000000002
14000	0.3970749999999999
14050	0.3962120000000002
14100	0.395944
14150	0.3955489999999998
14200	0.3950450000000001
14250	0.39392100000000013
14300	0.3936029999999999
14350	0.39364299999999985
14400	0.39251100000000005
14450	0.391952
14500	0.392
14550	0.39092299999999985
14600	0.389829
14650	0.389221
14700	0.38880199999999987
14750	0.38816599999999996
14800	0.38809
14850	0.3872450000000001
14900	0.38641100000000006
14950	0.3856029999999999
15000	0.3853619999999999
15050	0.3847169999999999
15100	0.3848320000000001
15150	0.3840390000000001
15200	0.38362199999999985
15250	0.3834890000000001
15300	0.38262599999999997
15350	0.3820580000000002
15400	0.3807800000000002
15450	0.38103100000000006
15500	0.3808310000000001
15550	0.38064799999999976
15600	0.3800780000000002
15650	0.380072
15700	0.37961500000000004
15750	0.3790979999999998
15800	0.37844800000000023
15850	0.37800199999999984
15900	0.37714700000000007
15950	0.377247
16000	0.37620799999999993
16050	0.3756769999999999
16100	0.37514400000000003
16150	0.3750120000000001
16200	0.37447900000000006
16250	0.372654
16300	0.372556
16350	0.3723529999999999
16400	0.37202999999999986
16450	0.37182700000000013
16500	0.37150599999999984
16550	0.3710919999999999
16600	0.3689510000000001
16650	0.36872100000000024
16700	0.368491
16750	0.36783099999999996
16800	0.36691399999999996
16850	0.36680400000000013
16900	0.36621900000000013
16950	0.3659800000000001
17000	0.365494
17050	0.36445900000000014
17100	0.364239
17150	0.36369100000000004
17200	0.3635159999999999
17250	0.36316899999999996
17300	0.36265100000000006
17350	0.36244099999999996
17400	0.36239599999999994
17450	0.3619400000000001
17500	0.36215200000000003
17550	0.36203699999999983
17600	0.36168100000000003
17650	0.36045699999999997
17700	0.360385
17750	0.359691
17800	0.35891199999999984
17850	0.3590309999999999
17900	0.3586790000000001
17950	0.35790700000000003
18000	0.35740999999999984
18050	0.3565560000000001
18100	0.356367
18150	0.35602900000000015
18200	0.3553289999999999
18250	0.354518
18300	0.35370599999999996
18350	0.3533310000000002
18400	0.35258799999999996
18450	0.352297
18500	0.352057
18550	0.3520080000000001
18600	0.35155000000000014
18650	0.35143599999999986
18700	0.35129300000000013
18750	0.35070800000000013
18800	0.3506269999999999
18850	0.35038800000000003
18900	0.35000699999999996
18950	0.35017100000000007
19000	0.3499050000000002
19050	0.34942700000000004
19100	0.34911000000000003
19150	0.34904300000000005
19200	0.34870900000000005
19250	0.34843000000000013
19300	0.348045
19350	0.3476769999999999
19400	0.34725699999999987
19450	0.34722000000000003
19500	0.3467830000000001
19550	0.3466589999999999
19600	0.34630599999999995
19650	0.3457310000000001
19700	0.34536
19750	0.345396
19800	0.344972
19850	0.34491400000000005
19900	0.3442569999999999
19950	0.34400400000000003
20000	0.34392199999999995
20050	0.34367000000000014
20100	0.34323600000000004
20150	0.34285100000000013
20200	0.34276599999999996
20250	0.3421919999999998
20300	0.34228200000000003
20350	0.3421300000000001
20400	0.34191599999999994
20450	0.34143900000000005
20500	0.341479
20550	0.34110999999999997
20600	0.3410409999999998
20650	0.34085
20700	0.34079499999999996
20750	0.33902499999999997
20800	0.33917200000000003
20850	0.33903700000000003
20900	0.33871300000000004
20950	0.33773600000000004
21000	0.33732999999999996
21050	0.336984
21100	0.33655500000000005
21150	0.33639599999999986
21200	0.3362369999999999
21250	0.336326
21300	0.33631700000000003
21350	0.33650800000000003
21400	0.3363999999999999
21450	0.3360139999999998
21500	0.33572700000000005
21550	0.33498400000000006
21600	0.334937
21650	0.33460699999999993
21700	0.33447999999999994
21750	0.33436699999999997
21800	0.333662
21850	0.3328789999999999
21900	0.33237900000000004
21950	0.3318209999999999
22000	0.33077599999999996
22050	0.33056500000000005
22100	0.330373
22150	0.3305180000000001
22200	0.3300810000000001
22250	0.329937
22300	0.3293639999999998
22350	0.3290580000000001
22400	0.32918899999999995
22450	0.32887099999999997
22500	0.32867099999999994
22550	0.3279769999999999
22600	0.327079
22650	0.326744
22700	0.3265830000000001
22750	0.3259530000000001
22800	0.3256709999999999
22850	0.3254069999999999
22900	0.32503999999999983
22950	0.32382399999999995
23000	0.3235089999999999
23050	0.32361699999999993
23100	0.32388700000000015
23150	0.3236490000000001
23200	0.32329300000000005
23250	0.32278399999999996
23300	0.322512
23350	0.322023
23400	0.3219309999999998
23450	0.321801
23500	0.32182700000000003
23550	0.3218390000000001
23600	0.32184699999999994
23650	0.3205279999999999
23700	0.3204989999999999
23750	0.32061499999999993
23800	0.32047299999999995
23850	0.3204040000000001
23900	0.32003899999999996
23950	0.31990699999999994
24000	0.31974499999999995
24050	0.31925500000000023
24100	0.318978
24150	0.318501
24200	0.3182609999999999
24250	0.31822699999999987
24300	0.31812500000000005
24350	0.318065
24400	0.3180899999999999
24450	0.31809599999999993
24500	0.3178969999999998
24550	0.31707799999999997
24600	0.31717
24650	0.3172730000000001
24700	0.31728600000000007
24750	0.31717200000000006
24800	0.31607100000000005
24850	0.31601599999999985
24900	0.31614999999999993
24950	0.3161239999999999
