t	a(t)
1000	15.946666
1050	16.229002
1100	16.382331999999998
1150	16.583
1200	16.60666
1250	16.782664
1300	16.818004
1350	16.875140000000002
1400	16.939608
1450	16.701092
1500	16.315146
1550	16.252865999999997
1600	16.278094
1650	16.359692000000003
1700	16.40372
1750	16.502192
1800	16.616284
1850	16.746336
1900	16.822214
1950	16.884293999999997
2000	17.020482
2050	17.216054
2100	17.232434
2150	17.153299999999998
2200	17.268801999999997
2250	17.443816
2300	17.512982
2350	17.505334
2400	17.582368000000006
2450	17.748418000000004
2500	17.800836
2550	17.908782000000002
2600	18.037518
2650	18.057077999999997
2700	18.15437
2750	18.02507
2800	18.044948000000005
2850	18.161158
2900	18.174234000000002
2950	18.276466000000003
3000	18.425604
3050	18.280432
3100	18.330056
3150	18.334446
3200	18.44606
3250	18.479378
3300	18.518182000000003
3350	18.598166000000003
3400	18.729484
3450	18.848484
3500	18.932742
3550	18.971497999999997
3600	19.024227999999997
3650	19.114545999999997
3700	19.166544
3750	18.802122
3800	18.695316000000002
3850	18.708828000000004
3900	18.807460000000003
3950	18.866949999999996
4000	18.918301999999997
4050	18.971822
4100	18.503094
4150	18.535111999999998
4200	18.634034
4250	18.72642
4300	18.80463
4350	18.884402
4400	18.903506000000004
4450	18.964774
4500	18.940938000000003
4550	18.937712
4600	19.033483999999998
4650	19.10196
4700	19.146345999999998
4750	19.211721999999995
4800	19.29660399999999
4850	19.321008
4900	19.314393999999997
4950	19.240757999999996
5000	19.322389999999995
5050	19.411779999999997
5100	19.465141999999997
5150	19.506248
5200	19.462283999999997
5250	19.508858
5300	19.538752000000002
5350	19.636832000000005
5400	19.673582
5450	19.744238000000006
5500	19.841755999999997
5550	19.920838
5600	19.919146
5650	19.822356000000003
5700	19.892248000000006
5750	19.807118000000006
5800	19.834932000000002
5850	19.83405000000001
5900	19.518254000000002
5950	19.558774
6000	19.631995999999997
6050	19.639438
6100	19.708817999999997
6150	19.791974
6200	19.861017999999998
6250	19.890055999999998
6300	19.931639999999994
6350	19.982643999999993
6400	19.982469999999992
6450	20.026943999999997
6500	20.044599999999996
6550	20.145868
6600	20.185348000000005
6650	20.212022
6700	20.2419
6750	20.321880000000004
6800	19.932628000000005
6850	19.979788
6900	19.807616
6950	19.847175999999994
7000	19.92619
7050	19.973339999999997
7100	20.046657999999994
7150	20.085569999999997
7200	20.074646
7250	20.109174
7300	20.146749999999997
7350	20.178299999999993
7400	20.241395999999998
7450	20.149408
7500	20.141719999999992
7550	20.136899999999997
7600	20.184089999999998
7650	20.263484
7700	20.243793999999998
7750	20.279169999999997
7800	20.298596
7850	20.379696000000003
7900	20.447294
7950	20.499388
8000	20.461162
8050	20.500207999999997
8100	20.554052000000002
8150	20.591797999999997
8200	20.600533999999996
8250	20.681088
8300	20.715185999999996
8350	20.778062
8400	20.7949
8450	20.868052
8500	20.646686
8550	20.699458
8600	20.723066
8650	20.793700000000005
8700	20.836631999999998
8750	20.864183999999995
8800	20.84777
8850	20.888247999999997
8900	20.917839999999998
8950	20.973166000000003
9000	20.996422
9050	21.014588
9100	21.055828
9150	21.020122
9200	21.099683999999996
9250	21.001833999999995
9300	20.953725999999996
9350	21.012961999999995
9400	20.955932000000004
9450	20.960716
9500	20.965728000000002
9550	20.987618
9600	20.973844
9650	21.041134000000003
9700	21.041602
9750	21.098836000000006
9800	21.140102000000002
9850	21.186418000000003
9900	21.203252000000003
9950	21.25682000000001
10000	21.19710600000001
10050	21.252308000000003
10100	21.227256
10150	21.235342
10200	21.270258
10250	21.327230000000004
10300	21.377772000000004
10350	21.416218000000004
10400	21.473516
10450	21.490631999999994
10500	21.445987999999993
10550	21.359467999999996
10600	21.37608
10650	21.410064000000006
10700	21.445364000000005
10750	21.405290000000008
10800	21.225808
10850	21.279420000000005
10900	21.280640000000002
10950	21.344702
11000	21.395302
11050	21.412433999999998
11100	21.386094
11150	21.412807999999995
11200	21.432268
11250	21.432185999999998
11300	21.424939999999996
11350	21.43068
11400	21.482603999999995
11450	21.524013999999998
11500	21.478303999999998
11550	21.491288
11600	21.503618000000003
11650	21.516854
11700	21.549698
11750	21.326513999999992
11800	21.357121999999993
11850	21.24114199999999
11900	21.284974
11950	21.33906
12000	21.395007999999997
12050	21.430195999999995
12100	21.398865999999995
12150	21.419701999999997
12200	21.422469999999997
12250	21.471400000000003
12300	21.504242000000005
12350	21.545751999999997
12400	21.504022
12450	21.547242
12500	21.565498
12550	21.603996
12600	21.647812000000002
12650	21.664990000000003
12700	21.661279999999998
12750	21.687701999999998
12800	21.724813999999995
12850	21.778306
12900	21.802902000000003
12950	21.790006
13000	21.856715999999995
13050	21.88509
13100	21.885376000000004
13150	21.901724000000005
13200	21.93562
13250	21.956407999999996
13300	21.977404
13350	22.018289999999997
13400	22.046477999999997
13450	22.062312
13500	22.064741999999995
13550	22.112687999999988
13600	22.134921999999992
13650	22.175187999999995
13700	22.197861999999997
13750	22.105386
13800	22.136719999999997
13850	22.179639999999992
13900	22.18791999999999
13950	22.221051999999997
14000	22.247393999999996
14050	22.297136000000002
14100	22.29475
14150	22.310838
14200	22.317491999999994
14250	22.158635999999998
14300	22.178784
14350	22.184762
14400	22.214804
14450	22.248884000000004
14500	22.264426000000004
14550	22.207532
14600	22.177905999999997
14650	22.216566000000004
14700	22.248088
14750	22.271391999999995
14800	22.261079999999996
14850	22.285590000000003
14900	22.302832000000002
14950	22.326776000000006
15000	22.356016
15050	22.393390000000007
15100	22.356470000000005
15150	22.359148
15200	22.361901999999997
15250	22.360753999999993
15300	22.393869999999996
15350	22.382170000000002
15400	22.398878
15450	22.426668000000003
15500	22.450118000000003
15550	22.444733999999997
15600	22.439552
15650	22.465939999999993
15700	22.45263999999999
15750	22.471026
15800	22.459919999999997
15850	22.491819999999993
15900	22.491149999999998
15950	22.499414
16000	22.51737
16050	22.488241999999996
16100	22.508658
16150	22.533253999999996
16200	22.498500000000003
16250	22.519152
16300	22.543129999999998
16350	22.578137999999996
16400	22.599663999999997
16450	22.63526
16500	22.6692
16550	22.695311999999998
16600	22.706984000000002
16650	22.727617999999993
16700	22.543983999999995
16750	22.560022000000004
16800	22.588558000000003
16850	22.598333999999994
16900	22.622586
16950	22.664357999999996
17000	22.685210000000005
17050	22.711879999999997
17100	22.512452
17150	22.546295999999998
17200	22.508272000000005
17250	22.537366000000002
17300	22.539890000000003
17350	22.569414000000002
17400	22.589026000000004
17450	22.55045
17500	22.526821999999996
17550	22.542445999999995
17600	22.567365999999996
17650	22.591426000000002
17700	22.605343999999995
17750	22.61183599999999
17800	22.58876999999999
17850	22.585713999999992
17900	22.589278
17950	22.547468
18000	22.574638
18050	22.583896
18100	22.589382000000004
18150	22.586081999999998
18200	22.561232000000004
18250	22.552946
18300	22.584135999999997
18350	22.621253999999993
18400	22.638108
18450	22.655019999999993
18500	22.673119999999997
18550	22.682683999999995
18600	22.688881999999992
18650	22.699303999999998
18700	22.71686399999999
18750	22.731391999999992
18800	22.750341999999996
18850	22.780705999999995
18900	22.79194199999999
18950	22.770197999999997
19000	22.811193999999997
19050	22.805258
19100	22.824457999999996
19150	22.84770199999999
19200	22.87602799999999
19250	22.887313999999993
19300	22.915671999999994
19350	22.923489999999997
19400	22.950780000000005
19450	22.979362000000002
19500	22.965680000000003
19550	22.95624
19600	22.951452
19650	22.976078
19700	23.002378
19750	23.020013999999996
19800	23.043974
19850	23.045517999999998
19900	23.090502
19950	23.13774400000001
20000	23.144050000000004
20050	23.143256
20100	23.190118000000005
20150	23.210372000000007
20200	23.215752000000002
20250	23.241364000000008
20300	23.26865600000001
20350	23.25797000000001
20400	23.290724
20450	23.320047999999996
20500	23.345485999999998
20550	23.37338199999999
20600	23.36864
20650	23.374176
20700	23.409126000000004
20750	23.321506000000003
20800	23.333342000000002
20850	23.33388799999999
20900	23.360024
20950	23.369959999999992
21000	23.398773999999992
21050	23.411191999999993
21100	23.437413999999993
21150	23.442467999999995
21200	23.434375999999997
21250	23.474936000000003
21300	23.470176000000002
21350	23.489772
21400	23.452558000000003
21450	23.403589999999998
21500	23.397036000000003
21550	23.415564000000003
21600	23.402922000000007
21650	23.40567
21700	23.417644
21750	23.435567999999993
21800	23.455553999999992
21850	23.39886999999999
21900	23.42515399999999
21950	23.464765999999994
22000	23.473639999999993
22050	23.456612
22100	23.473446
22150	23.505565999999995
22200	23.52100199999999
22250	23.555679999999988
22300	23.534525999999985
22350	23.54975399999999
22400	23.56321999999999
22450	23.576036
22500	23.57105
22550	23.598223999999995
22600	23.609508
22650	23.625059999999998
22700	23.643904
22750	23.648670000000003
22800	23.679090000000006
22850	23.677588
22900	23.688026000000004
22950	23.70604400000001
23000	23.738878000000014
23050	23.737692000000006
23100	23.73539000000001
23150	23.764734000000008
23200	23.723934000000003
23250	23.742240000000006
23300	23.73253800000001
23350	23.761498000000007
23400	23.778430000000004
23450	23.758038000000003
23500	23.781658000000004
23550	23.803000000000008
23600	23.763268000000007
23650	23.738762
23700	23.756754000000004
23750	23.781354
23800	23.766576000000004
23850	23.774776000000006
23900	23.80282000000001
23950	23.82011200000001
24000	23.83203800000001
24050	23.84436
24100	23.887546
24150	23.916570000000007
24200	23.929960000000005
24250	23.947496000000005
24300	23.953002000000005
24350	23.963216000000003
24400	23.967124000000002
24450	23.999902
24500	24.034799999999997
24550	24.054354
24600	24.073129999999995
24650	24.083932
24700	24.102026000000002
24750	24.100576000000004
24800	23.936858
24850	23.893869999999996
24900	23.929759999999998
24950	23.940975999999992
