t	b(t)
100	2.9635209999999996
150	2.839637
200	2.680263
250	2.624517
300	2.5369639999999993
350	2.4419999999999997
400	2.3370179999999996
450	2.3048599999999997
500	2.1821569999999992
550	2.1765449999999995
600	2.105983
650	2.069319
700	2.0216039999999995
750	2.0193070000000004
800	2.0042079999999998
850	1.960826
900	1.9252239999999998
950	1.8837000000000004
1000	1.8419789999999994
1050	1.8171089999999999
1100	1.8148970000000009
1150	1.8062029999999996
1200	1.7707660000000005
1250	1.7402519999999995
1300	1.6842069999999998
1350	1.6700260000000007
1400	1.6549460000000003
1450	1.6067449999999999
1500	1.5900120000000004
1550	1.569424
1600	1.5663969999999994
1650	1.549262999999999
1700	1.539611000000001
1750	1.5333489999999999
1800	1.4960890000000004
1850	1.488414
1900	1.4692200000000002
1950	1.4450439999999996
2000	1.4504080000000001
2050	1.4385469999999991
2100	1.433637
2150	1.4316129999999998
2200	1.4338989999999994
2250	1.4220340000000005
2300	1.4226859999999995
2350	1.422215
2400	1.4099910000000002
2450	1.3974939999999998
2500	1.390627
2550	1.3857680000000006
2600	1.3844339999999997
2650	1.366371
2700	1.356056000000001
2750	1.3514229999999992
2800	1.3437299999999994
2850	1.3403420000000006
2900	1.3303660000000002
2950	1.3270380000000006
3000	1.3239179999999997
3050	1.3094230000000002
3100	1.3121749999999996
3150	1.3159440000000004
3200	1.308246
3250	1.2966829999999998
3300	1.2868549999999999
3350	1.280563
3400	1.2736599999999996
3450	1.2730599999999999
3500	1.2620810000000002
3550	1.2504370000000007
3600	1.245069
3650	1.2340250000000001
3700	1.2260850000000003
3750	1.2194489999999993
3800	1.216103
3850	1.207064
3900	1.2023670000000002
3950	1.1805350000000001
4000	1.1767020000000004
4050	1.1656480000000002
4100	1.1598620000000002
4150	1.1501810000000001
4200	1.1384659999999998
4250	1.138063
4300	1.1261020000000002
4350	1.127005
4400	1.1233019999999998
4450	1.119212
4500	1.116527
4550	1.113499
4600	1.1148049999999998
4650	1.1157380000000001
4700	1.1122589999999999
4750	1.1069619999999996
4800	1.1015960000000005
4850	1.0893159999999997
4900	1.0870289999999998
4950	1.086559
5000	1.071091
5050	1.0689730000000004
5100	1.0660949999999998
5150	1.0631129999999998
5200	1.0566270000000002
5250	1.0525400000000003
5300	1.050215
5350	1.0470649999999997
5400	1.0464250000000004
5450	1.0406530000000003
5500	1.0362500000000001
5550	1.0354949999999996
5600	1.03016
5650	1.0296059999999998
5700	1.0257390000000002
5750	1.01466
5800	1.0152430000000003
5850	1.015377
5900	1.0138179999999997
5950	1.0104769999999998
6000	1.0082389999999999
6050	1.0117699999999994
6100	1.0070950000000003
6150	1.004003
6200	1.0001860000000002
6250	1.000745
6300	1.0000780000000002
6350	0.9982199999999999
6400	0.9950739999999998
6450	0.9910239999999998
6500	0.9919939999999998
6550	0.9885070000000001
6600	0.9878189999999996
6650	0.9740999999999999
6700	0.9734030000000001
6750	0.9732720000000004
6800	0.9734999999999999
6850	0.9699119999999993
6900	0.9684889999999998
6950	0.9602299999999994
7000	0.959025
7050	0.9596899999999999
7100	0.9518050000000002
7150	0.953325
7200	0.953957
7250	0.952852
7300	0.9472219999999999
7350	0.9414460000000002
7400	0.941291
7450	0.9401189999999998
7500	0.9374870000000002
7550	0.9388449999999997
7600	0.9359950000000002
7650	0.9322769999999998
7700	0.9293630000000003
7750	0.9237069999999997
7800	0.9212059999999995
7850	0.9217739999999996
7900	0.9169199999999997
7950	0.9159930000000002
8000	0.9156750000000002
8050	0.909719
8100	0.9084079999999994
8150	0.9076690000000001
8200	0.9027470000000001
8250	0.9012250000000003
8300	0.8966839999999999
8350	0.8973180000000002
8400	0.8928529999999999
8450	0.8940020000000001
8500	0.8928500000000003
8550	0.8900859999999998
8600	0.8888140000000003
8650	0.887634
8700	0.8888040000000003
8750	0.8883090000000001
8800	0.886637
8850	0.885767
8900	0.8838339999999999
8950	0.8796200000000003
9000	0.8724310000000002
9050	0.870501
9100	0.8702159999999998
9150	0.8709160000000001
9200	0.8684299999999997
9250	0.8655820000000003
9300	0.8672030000000004
9350	0.8642150000000002
9400	0.8636090000000002
9450	0.8628830000000005
9500	0.8638079999999999
9550	0.862092
9600	0.8566439999999996
9650	0.8560029999999997
9700	0.8522459999999995
9750	0.8458259999999999
9800	0.8471750000000001
9850	0.8456970000000003
9900	0.8446280000000003
9950	0.8454659999999998
10000	0.8453089999999998
10050	0.8442550000000003
10100	0.8381200000000003
10150	0.8390090000000003
10200	0.8379260000000004
10250	0.836708
10300	0.836584
10350	0.8344360000000003
10400	0.8343769999999995
10450	0.8330669999999998
10500	0.8321299999999997
10550	0.8247969999999999
10600	0.8166390000000001
10650	0.8166529999999999
10700	0.81683
10750	0.8136759999999995
10800	0.8113630000000001
10850	0.8100780000000001
10900	0.808473
10950	0.805247
11000	0.8049719999999999
11050	0.8049840000000004
11100	0.8061220000000003
11150	0.8060200000000001
11200	0.805146
11250	0.8061409999999998
11300	0.802718
11350	0.8019989999999999
11400	0.801042
11450	0.7995819999999999
11500	0.7993550000000004
11550	0.7996480000000001
11600	0.7987609999999995
11650	0.7990220000000002
11700	0.795474
11750	0.7951040000000001
11800	0.7913369999999997
11850	0.7909419999999997
11900	0.7854429999999999
11950	0.7816390000000004
12000	0.781527
12050	0.7809540000000004
12100	0.7755459999999998
12150	0.7760510000000003
12200	0.7753359999999999
12250	0.7753670000000003
12300	0.7741419999999997
12350	0.7744799999999996
12400	0.7743549999999999
12450	0.7681089999999997
12500	0.7677909999999996
12550	0.7689889999999998
12600	0.7677480000000001
12650	0.7666339999999998
12700	0.7645419999999998
12750	0.7636639999999999
12800	0.761718
12850	0.7602720000000002
12900	0.7602700000000003
12950	0.7595259999999999
13000	0.7597190000000001
13050	0.7590239999999997
13100	0.7584299999999999
13150	0.7592469999999998
13200	0.7582810000000005
13250	0.758468
13300	0.7573789999999998
13350	0.7582199999999996
13400	0.7567169999999999
13450	0.7562760000000003
13500	0.7543949999999997
13550	0.7538220000000002
13600	0.7530789999999999
13650	0.7461319999999999
13700	0.746929
13750	0.7458560000000002
13800	0.7452880000000001
13850	0.745008
13900	0.7446359999999999
13950	0.7444939999999999
14000	0.7443980000000002
14050	0.7383719999999998
14100	0.7373899999999997
14150	0.737926
14200	0.7385489999999999
14250	0.738262
14300	0.7363730000000005
14350	0.734802
14400	0.7348630000000002
14450	0.7349129999999999
14500	0.7345430000000002
14550	0.7349850000000002
14600	0.7337929999999999
14650	0.73158
14700	0.7283290000000001
14750	0.7278560000000002
14800	0.7271249999999998
14850	0.7252749999999998
14900	0.7238469999999999
14950	0.72398
15000	0.7235200000000003
15050	0.7235119999999996
15100	0.7236800000000001
15150	0.722475
15200	0.7212090000000001
15250	0.720745
15300	0.7211789999999998
15350	0.7216589999999998
15400	0.7182530000000001
15450	0.7173420000000003
15500	0.7170269999999997
15550	0.7172380000000003
15600	0.7172050000000002
15650	0.7157359999999998
15700	0.715645
15750	0.7126570000000002
15800	0.7128289999999999
15850	0.7128870000000002
15900	0.7121430000000004
15950	0.7105150000000002
16000	0.708955
16050	0.7084189999999999
16100	0.708524
16150	0.7076210000000002
16200	0.7059949999999999
16250	0.705402
16300	0.7059899999999996
16350	0.7034869999999998
16400	0.7020860000000002
16450	0.7001139999999998
16500	0.6992290000000001
16550	0.699378
16600	0.6977050000000005
16650	0.6962740000000001
16700	0.6950789999999997
16750	0.6953970000000003
16800	0.694927
16850	0.69476
16900	0.694188
16950	0.6935399999999996
17000	0.6939320000000002
17050	0.6926250000000003
17100	0.692684
17150	0.6931329999999997
17200	0.6920450000000001
17250	0.6929620000000001
17300	0.6936339999999999
17350	0.692355
17400	0.6918750000000002
17450	0.6900600000000003
17500	0.6888940000000002
17550	0.6890479999999998
17600	0.687144
17650	0.6870740000000001
17700	0.687346
17750	0.6875850000000001
17800	0.6879040000000002
17850	0.688356
17900	0.686562
17950	0.6860059999999999
18000	0.6864820000000001
18050	0.685617
18100	0.685732
18150	0.6850480000000002
18200	0.6854100000000001
18250	0.685241
18300	0.678679
18350	0.679107
18400	0.6794869999999998
18450	0.6789679999999998
18500	0.6779940000000002
18550	0.676672
18600	0.675853
18650	0.6760019999999999
18700	0.675029
18750	0.6748859999999999
18800	0.674129
18850	0.6741870000000002
18900	0.6740309999999999
18950	0.6731900000000002
19000	0.6732729999999998
19050	0.6727200000000001
19100	0.67318
19150	0.6731230000000002
19200	0.6689639999999999
19250	0.668089
19300	0.667848
19350	0.6675970000000001
19400	0.6673370000000003
19450	0.6629210000000001
19500	0.6622020000000002
19550	0.6623570000000002
19600	0.660377
19650	0.659719
19700	0.6576339999999997
19750	0.657472
19800	0.6575000000000003
19850	0.6574440000000001
19900	0.6565650000000002
19950	0.655595
20000	0.6555030000000004
20050	0.6551290000000002
20100	0.6540299999999998
20150	0.6543749999999998
20200	0.652547
20250	0.65243
20300	0.6517769999999997
20350	0.6497839999999999
20400	0.650178
20450	0.649644
20500	0.6483410000000002
20550	0.6484570000000001
20600	0.6465820000000001
20650	0.6461569999999999
20700	0.6461520000000002
20750	0.6456769999999997
20800	0.6455780000000001
20850	0.6440789999999998
20900	0.6442090000000001
20950	0.6436189999999997
21000	0.642671
21050	0.64255
21100	0.642396
21150	0.6427
21200	0.6417309999999999
21250	0.641144
21300	0.6416050000000003
21350	0.641841
21400	0.6422570000000002
21450	0.6403620000000003
21500	0.6404170000000002
21550	0.640538
21600	0.6391189999999998
21650	0.6387939999999999
21700	0.6387299999999999
21750	0.6390930000000001
21800	0.6395090000000002
21850	0.63794
21900	0.6362739999999999
21950	0.6359349999999998
22000	0.636167
22050	0.63635
22100	0.6366870000000001
22150	0.6357800000000002
22200	0.6362559999999999
22250	0.6355429999999999
22300	0.6351989999999997
22350	0.6349970000000001
22400	0.6344400000000001
22450	0.6345399999999999
22500	0.6343909999999998
22550	0.6336219999999996
22600	0.633258
22650	0.6326389999999997
22700	0.633
22750	0.6308599999999996
22800	0.630046
22850	0.6294529999999999
22900	0.6289730000000002
22950	0.629076
23000	0.6291510000000005
23050	0.6287130000000001
23100	0.6291949999999998
23150	0.6287040000000003
23200	0.6286770000000002
23250	0.6277969999999999
23300	0.6240099999999998
23350	0.623848
23400	0.623592
23450	0.6229910000000001
23500	0.623136
23550	0.6230460000000001
23600	0.6230739999999999
23650	0.6222810000000001
23700	0.621808
23750	0.6219889999999999
23800	0.6221109999999996
23850	0.6202000000000001
23900	0.6194730000000002
23950	0.6196930000000002
24000	0.6196880000000001
24050	0.61908
24100	0.6191409999999999
24150	0.619248
24200	0.6148289999999998
24250	0.6147499999999999
24300	0.6147899999999998
24350	0.6146609999999996
24400	0.6132770000000002
24450	0.6132939999999999
24500	0.612842
24550	0.6103190000000001
24600	0.608772
24650	0.6079420000000001
24700	0.6073940000000001
24750	0.606787
24800	0.6061269999999996
24850	0.6061519999999998
24900	0.6065809999999998
24950	0.6051609999999998
