t	s(t)
1000	50.06
1050	51.44
1100	52.22
1150	53.44
1200	54.74
1250	55.64
1300	57.12
1350	58.72
1400	60.2
1450	61.8
1500	63.42
1550	64.98
1600	66.4
1650	67.92
1700	69.04
1750	70.62
1800	71.46
1850	72.56
1900	73.42
1950	74.66
2000	75.5
2050	76.82
2100	78.34
2150	79.36
2200	80.26
2250	81.26
2300	82.06
2350	83.34
2400	84.28
2450	85.12
2500	86.1
2550	87.08
2600	88.12
2650	88.88
2700	89.54
2750	90.56
2800	91.62
2850	92.46
2900	93.58
2950	94.6
3000	95.54
3050	96.36
3100	97.22
3150	98.28
3200	99.44
3250	100.66
3300	101.18
3350	101.92
3400	102.66
3450	103.32
3500	104.12
3550	104.78
3600	105.7
3650	106.46
3700	107.3
3750	108.36
3800	109.1
3850	109.82
3900	110.82
3950	111.44
4000	112.24
4050	113.24
4100	113.86
4150	114.82
4200	115.52
4250	116.12
4300	116.56
4350	117.42
4400	118.48
4450	119.18
4500	120.08
4550	120.78
4600	121.56
4650	121.98
4700	122.7
4750	123.34
4800	124.0
4850	124.66
4900	125.8
4950	126.36
5000	126.9
5050	127.52
5100	128.1
5150	128.7
5200	129.5
5250	130.28
5300	131.14
5350	131.78
5400	132.3
5450	132.94
5500	133.7
5550	134.46
5600	135.24
5650	135.9
5700	136.8
5750	137.66
5800	138.22
5850	139.04
5900	139.76
5950	140.48
6000	141.4
6050	141.76
6100	142.28
6150	143.1
6200	143.54
6250	144.22
6300	144.66
6350	145.16
6400	146.06
6450	146.52
6500	147.12
6550	147.86
6600	148.62
6650	149.48
6700	150.1
6750	150.7
6800	151.6
6850	152.3
6900	153.04
6950	153.52
7000	154.08
7050	154.46
7100	155.12
7150	155.92
7200	156.64
7250	157.12
7300	157.6
7350	158.24
7400	158.84
7450	159.54
7500	160.22
7550	160.78
7600	161.66
7650	162.46
7700	162.92
7750	163.4
7800	163.76
7850	164.44
7900	165.1
7950	165.52
8000	166.14
8050	167.12
8100	167.54
8150	168.2
8200	168.58
8250	169.18
8300	169.74
8350	170.32
8400	170.92
8450	171.52
8500	172.1
8550	172.56
8600	173.16
8650	173.8
8700	174.5
8750	175.22
8800	175.72
8850	176.12
8900	176.76
8950	177.24
9000	177.7
9050	178.26
9100	178.78
9150	179.44
9200	180.18
9250	180.82
9300	181.62
9350	182.02
9400	182.84
9450	183.58
9500	184.12
9550	184.52
9600	185.2
9650	185.86
9700	186.48
9750	186.96
9800	187.38
9850	187.92
9900	188.24
9950	188.72
10000	189.52
10050	190.06
10100	190.7
10150	191.14
10200	191.86
10250	192.2
10300	193.02
10350	193.26
10400	193.86
10450	194.68
10500	195.14
10550	195.84
10600	196.54
10650	197.04
10700	197.36
10750	198.04
10800	198.66
10850	199.24
10900	200.12
10950	200.78
11000	201.36
11050	201.74
11100	202.2
11150	202.66
11200	203.2
11250	203.88
11300	204.66
11350	205.2
11400	206.04
11450	206.6
11500	207.3
11550	207.96
11600	208.68
11650	209.24
11700	209.88
11750	210.5
11800	211.28
11850	211.9
11900	212.56
11950	213.1
12000	213.62
12050	213.92
12100	214.6
12150	215.1
12200	215.58
12250	216.02
12300	216.66
12350	217.2
12400	217.68
12450	218.16
12500	218.64
12550	219.18
12600	219.76
12650	220.14
12700	220.8
12750	221.14
12800	221.56
12850	222.08
12900	222.34
12950	223.02
13000	223.54
13050	224.14
13100	224.82
13150	225.42
13200	225.9
13250	226.44
13300	226.84
13350	227.22
13400	227.82
13450	228.52
13500	229.04
13550	229.68
13600	229.94
13650	230.56
13700	230.82
13750	231.3
13800	231.6
13850	232.08
13900	232.54
13950	233.0
14000	233.56
14050	234.06
14100	234.8
14150	235.3
14200	235.82
14250	236.44
14300	237.06
14350	237.44
14400	237.74
14450	238.3
14500	238.7
14550	239.3
14600	240.08
14650	240.64
14700	240.94
14750	241.22
14800	241.84
14850	242.28
14900	242.52
14950	242.92
15000	243.22
15050	243.54
15100	244.3
15150	244.58
15200	245.26
15250	245.68
15300	246.24
15350	246.62
15400	247.02
15450	247.58
15500	248.04
15550	248.74
15600	249.08
15650	249.4
15700	249.9
15750	250.2
15800	250.66
15850	251.1
15900	251.54
15950	252.02
16000	252.32
16050	252.66
16100	253.06
16150	253.52
16200	253.92
16250	254.24
16300	254.82
16350	255.28
16400	255.52
16450	255.94
16500	256.42
16550	256.74
16600	257.12
16650	257.54
16700	258.44
16750	258.9
16800	259.2
16850	259.68
16900	260.02
16950	260.54
17000	260.86
17050	261.28
17100	261.72
17150	262.18
17200	262.58
17250	263.0
17300	263.42
17350	263.7
17400	264.0
17450	264.66
17500	265.3
17550	265.78
17600	266.12
17650	266.6
17700	267.08
17750	267.52
17800	267.82
17850	268.32
17900	268.84
17950	269.44
18000	269.98
18050	270.12
18100	270.6
18150	271.1
18200	271.62
18250	272.14
18300	272.6
18350	273.02
18400	273.28
18450	273.76
18500	274.22
18550	274.6
18600	275.22
18650	275.6
18700	275.88
18750	276.3
18800	276.8
18850	277.14
18900	277.68
18950	278.08
19000	278.64
19050	278.96
19100	279.28
19150	279.74
19200	280.18
19250	280.6
19300	280.98
19350	281.54
19400	282.36
19450	282.68
19500	283.22
19550	283.7
19600	284.06
19650	284.44
19700	284.66
19750	285.14
19800	285.34
19850	285.9
19900	286.36
19950	286.84
20000	287.22
20050	287.62
20100	288.08
20150	288.34
20200	288.82
20250	289.18
20300	289.64
20350	289.94
20400	290.36
20450	290.86
20500	291.28
20550	291.68
20600	292.1
20650	292.4
20700	292.84
20750	293.44
20800	293.96
20850	294.44
20900	294.82
20950	295.32
21000	295.66
21050	295.96
21100	296.46
21150	297.04
21200	297.56
21250	298.14
21300	298.52
21350	298.88
21400	299.46
21450	300.12
21500	300.5
21550	300.82
21600	301.44
21650	301.66
21700	302.02
21750	302.26
21800	302.64
21850	303.16
21900	303.58
21950	303.94
22000	304.4
22050	304.9
22100	305.2
22150	305.64
22200	305.94
22250	306.44
22300	306.94
22350	307.4
22400	307.9
22450	308.44
22500	308.68
22550	309.14
22600	309.48
22650	309.94
22700	310.26
22750	310.88
22800	311.18
22850	311.78
22900	312.16
22950	312.8
23000	313.18
23050	313.58
23100	314.12
23150	314.44
23200	314.94
23250	315.24
23300	315.86
23350	316.28
23400	316.58
23450	316.94
23500	317.28
23550	317.5
23600	318.02
23650	318.5
23700	318.82
23750	319.32
23800	319.86
23850	320.22
23900	320.54
23950	320.88
24000	321.12
24050	321.56
24100	322.06
24150	322.52
24200	322.92
24250	323.22
24300	323.98
24350	324.38
24400	324.92
24450	325.3
24500	325.58
24550	326.08
24600	326.54
24650	326.76
24700	327.18
24750	327.42
24800	327.8
24850	328.42
24900	328.74
24950	329.24
