t	a(t)
1000	13.274166000000001
1050	13.246331
1100	13.376496
1150	13.383500999999999
1200	13.555835000000002
1250	13.571165999999998
1300	13.619001
1350	13.662998
1400	13.740165999999999
1450	13.767547000000002
1500	13.781596000000004
1550	13.784309
1600	13.953003
1650	13.960973999999998
1700	13.953452000000002
1750	14.054497000000003
1800	14.150666000000001
1850	14.251489
1900	14.33982
1950	14.235894000000004
2000	14.334238000000001
2050	14.438334
2100	14.522642999999999
2150	14.639392999999998
2200	14.734807
2250	14.783440999999998
2300	14.86486
2350	14.903398999999997
2400	14.920176999999999
2450	14.990797999999998
2500	15.115395999999999
2550	15.160707999999998
2600	15.181542
2650	15.280298999999998
2700	15.296015999999995
2750	15.351901999999994
2800	15.372857999999997
2850	15.307946999999997
2900	15.242147
2950	15.043750000000003
3000	15.135697000000002
3050	15.182440000000001
3100	15.267862999999998
3150	15.293227000000002
3200	15.314347
3250	15.283554000000004
3300	15.305168999999994
3350	15.244185
3400	15.316176999999996
3450	15.404433000000001
3500	15.45622
3550	15.538394
3600	15.557327000000003
3650	15.547059
3700	15.591716000000003
3750	15.607535000000002
3800	15.638030000000004
3850	15.756082000000001
3900	15.798726000000002
3950	15.835176000000004
4000	15.905085000000003
4050	15.895505
4100	15.943273000000007
4150	15.968638000000004
4200	15.965404
4250	15.980441999999996
4300	16.051256999999993
4350	16.156835999999995
4400	16.147440000000003
4450	16.138475000000003
4500	16.191321
4550	16.204180999999995
4600	16.276227000000002
4650	16.270999999999997
4700	16.304243999999994
4750	16.334120999999996
4800	16.336942
4850	16.396425
4900	16.438166999999996
4950	16.457161999999997
5000	16.475740000000002
5050	16.567251
5100	16.515044
5150	16.525378999999997
5200	16.535096
5250	16.622539999999994
5300	16.623364999999996
5350	16.691358999999995
5400	16.689102
5450	16.686793
5500	16.719870000000004
5550	16.750344000000005
5600	16.797456999999998
5650	16.811993
5700	16.815485999999996
5750	16.882066
5800	16.964475000000004
5850	16.872101
5900	16.863737999999998
5950	16.903544999999998
6000	16.857934999999998
6050	16.883534999999995
6100	16.822667000000003
6150	16.839454000000003
6200	16.876253
6250	16.846709
6300	16.901485
6350	16.950674
6400	16.99962
6450	17.021919999999998
6500	17.037014000000003
6550	17.045821000000004
6600	17.096451
6650	17.087996999999994
6700	17.129312999999996
6750	17.107573999999996
6800	17.150197999999993
6850	17.127389999999995
6900	17.109384
6950	17.097604999999998
7000	17.145878999999994
7050	17.190778
7100	17.191269000000002
7150	17.23912
7200	17.282253000000004
7250	17.331216000000005
7300	17.378186000000003
7350	17.442397
7400	17.458242
7450	17.478102
7500	17.505803999999998
7550	17.551885999999993
7600	17.549182
7650	17.565058999999998
7700	17.615921999999998
7750	17.57799199999999
7800	17.614585999999996
7850	17.679161999999998
7900	17.716961000000005
7950	17.737493
8000	17.756419999999995
8050	17.728834000000003
8100	17.751735
8150	17.781101
8200	17.770902999999997
8250	17.833036000000003
8300	17.860155000000002
8350	17.834812000000003
8400	17.847648999999997
8450	17.678181999999993
8500	17.695216999999996
8550	17.744208999999994
8600	17.748600999999994
8650	17.75444
8700	17.743607
8750	17.729915
8800	17.781267999999997
8850	17.822781
8900	17.733712
8950	17.707790999999997
9000	17.735023
9050	17.725435
9100	17.742559
9150	17.794947
9200	17.818037999999998
9250	17.835985999999995
9300	17.834861
9350	17.884666000000003
9400	17.901348
9450	17.973699000000003
9500	17.982338
9550	17.976308999999997
9600	17.961809999999993
9650	17.970022999999994
9700	17.964074
9750	17.983637999999996
9800	17.984256000000002
9850	17.958568000000007
9900	17.982391
9950	18.022251
10000	18.069164000000004
10050	18.085297000000004
10100	18.111399000000002
10150	18.139443999999997
10200	18.165588
10250	18.185443999999997
10300	18.220777999999996
10350	18.248179000000004
10400	18.225582999999997
10450	18.207192999999997
10500	18.192862999999992
10550	18.218692999999995
10600	18.250288999999995
10650	18.286668
10700	18.299026
10750	18.305378
10800	18.315315000000002
10850	18.306487999999998
10900	18.32996799999999
10950	18.311167999999995
11000	18.32526599999999
11050	18.36243299999999
11100	18.399658999999993
11150	18.422013999999994
11200	18.435653999999992
11250	18.454250999999996
11300	18.491900999999995
11350	18.489069
11400	18.527737000000005
11450	18.563463000000002
11500	18.574896000000006
11550	18.619429
11600	18.639313
11650	18.660583000000003
11700	18.698776000000002
11750	18.693386999999994
11800	18.637849999999997
11850	18.671576
11900	18.709044
11950	18.713248
12000	18.754079
12050	18.773058
12100	18.767934
12150	18.813177
12200	18.812678999999992
12250	18.828187
12300	18.854587000000006
12350	18.851086000000006
12400	18.884473000000007
12450	18.93342100000001
12500	18.964006000000005
12550	18.812963
12600	18.843835000000002
12650	18.894178
12700	18.933191000000004
12750	18.967378
12800	19.000158999999996
12850	19.021396999999993
12900	19.042382999999997
12950	19.030397000000004
13000	19.028067
13050	19.037603
13100	19.010689999999993
13150	19.032849000000002
13200	19.054385000000003
13250	19.071165
13300	19.09141
13350	19.119073000000004
13400	19.148035000000004
13450	19.165737000000004
13500	19.189930999999998
13550	19.176205999999997
13600	19.218120999999993
13650	19.222969999999997
13700	19.224189000000003
13750	19.265099999999997
13800	19.268079000000004
13850	19.251333000000002
13900	19.154543
13950	19.180669
14000	19.176559000000008
14050	19.19474700000001
14100	19.243159000000006
14150	19.156314000000002
14200	19.163955
14250	19.170033
14300	19.202258999999998
14350	19.231102
14400	19.230530000000005
14450	19.226492000000004
14500	19.242494
14550	19.23093
14600	19.241467000000004
14650	19.273562000000005
14700	19.299330000000005
14750	19.27734500000001
14800	19.278944000000003
14850	19.287940000000003
14900	19.317039
14950	19.338902
15000	19.36479
15050	19.382984999999994
15100	19.309414999999998
15150	19.344887999999997
15200	19.363977999999992
15250	19.393290999999998
15300	19.410529
15350	19.44171800000001
15400	19.473865000000004
15450	19.490778000000002
15500	19.50626
15550	19.531036
15600	19.532215000000008
15650	19.550769000000006
15700	19.570996
15750	19.60074699999999
15800	19.62654499999999
15850	19.64655799999999
15900	19.61661199999999
15950	19.637013999999994
16000	19.62653699999999
16050	19.664111
16100	19.665430000000004
16150	19.672549
16200	19.706037000000002
16250	19.720149000000006
16300	19.741839000000002
16350	19.757917
16400	19.760232
16450	19.750617
16500	19.748538999999997
16550	19.646996999999995
16600	19.420189999999995
16650	19.444414999999996
16700	19.473797999999995
16750	19.407467999999998
16800	19.432391
16850	19.45165
16900	19.455364999999997
16950	19.479400000000002
17000	19.495231999999998
17050	19.476321
17100	19.494614
17150	19.485500999999996
17200	19.511907999999995
17250	19.538316999999996
17300	19.573808999999994
17350	19.500937999999998
17400	19.502261999999998
17450	19.467948000000003
17500	19.455467000000006
17550	19.471373
17600	19.487436
17650	19.495404999999995
17700	19.520463999999997
17750	19.538318
17800	19.553096000000004
17850	19.49897500000001
17900	19.514129000000004
17950	19.535049000000004
18000	19.559643000000005
18050	19.552311000000003
18100	19.571772
18150	19.605453
18200	19.621785
18250	19.643595
18300	19.65402
18350	19.665139000000007
18400	19.559259000000008
18450	19.580022000000003
18500	19.600665000000003
18550	19.601714000000005
18600	19.614861000000005
18650	19.563958
18700	19.578872999999998
18750	19.566236999999994
18800	19.576420999999996
18850	19.582413999999993
18900	19.592981999999996
18950	19.61384
19000	19.610871999999993
19050	19.621850999999996
19100	19.627431999999995
19150	19.644544999999997
19200	19.634268
19250	19.626838
19300	19.646317
19350	19.671455
19400	19.691609
19450	19.721325
19500	19.745369999999994
19550	19.754101
19600	19.743501999999996
19650	19.595983999999994
19700	19.603372999999998
19750	19.618397
19800	19.629817000000003
19850	19.647361
19900	19.667772000000003
19950	19.675397000000004
20000	19.692558000000005
20050	19.716063000000005
20100	19.730031
20150	19.754321
20200	19.774689000000002
20250	19.778531
20300	19.784599
20350	19.810336999999997
20400	19.790231999999992
20450	19.80836299999999
20500	19.839188
20550	19.855343999999995
20600	19.875933999999997
20650	19.900017
20700	19.913432999999998
20750	19.925936999999998
20800	19.930255
20850	19.94182199999999
20900	19.92950599999999
20950	19.94065699999999
21000	19.941413999999995
21050	19.953412999999998
21100	19.961165999999995
21150	19.980362999999997
21200	20.009146
21250	20.036375999999997
21300	20.008638
21350	20.031026000000004
21400	20.028864000000002
21450	19.999912000000002
21500	20.021566000000004
21550	20.039189
21600	20.032658000000005
21650	20.032574000000004
21700	20.037336000000003
21750	20.042080000000006
21800	20.058160000000008
21850	19.972454000000003
21900	19.996768000000003
21950	19.999530999999994
22000	20.012879999999996
22050	20.034947999999996
22100	20.042226
22150	20.034165
22200	20.04596
22250	20.05142
22300	20.073576000000006
22350	20.092541
22400	20.102708
22450	20.118110000000005
22500	20.133240000000004
22550	20.160110000000003
22600	20.179396999999998
22650	20.200178000000005
22700	20.206656
22750	20.219765000000002
22800	20.210379000000003
22850	20.223732999999996
22900	20.242857
22950	20.160282
23000	20.179263999999993
23050	20.190738
23100	20.18828799999999
23150	20.182225999999993
23200	20.197100999999996
23250	20.21503
23300	20.232087999999994
23350	20.245252999999998
23400	20.270176000000003
23450	20.280379
23500	20.277126000000006
23550	20.261939000000005
23600	20.29083200000001
23650	20.306737000000005
23700	20.30883800000001
23750	20.327504000000005
23800	20.343316
23850	20.346268
23900	20.341628999999998
23950	20.355240999999996
24000	20.378646999999994
24050	20.396899999999995
24100	20.40166799999999
24150	20.391723999999996
24200	20.37040799999999
24250	20.386119999999988
24300	20.408241999999994
24350	20.370804999999994
24400	20.377795
24450	20.38251
24500	20.384654
24550	20.398512
24600	20.395679
24650	20.370416999999996
24700	20.368388
24750	20.385736000000005
24800	20.391349000000005
24850	20.392078000000005
24900	20.399014000000008
24950	20.360372
