t	b(t)
50	1.1694499999999999
100	1.17825
150	1.2484000000000002
200	1.3844500000000002
250	1.41925
300	1.4176
350	1.44005
400	1.4728
450	1.5424
500	1.6136
550	1.7048
600	1.77125
650	1.83175
700	1.86005
750	1.9552
800	2.04355
850	2.0695
900	2.1366
950	2.1408
1000	2.22555
1050	2.2909
1100	2.33625
1150	2.36945
1200	2.4328000000000003
1250	2.5024499999999996
1300	2.53585
1350	1.5435999999999999
1400	1.5658500000000002
1450	1.5788000000000002
1500	1.5927
1550	1.594
1600	1.3376
1650	1.3618
1700	1.3797000000000001
1750	1.3973
1800	1.4213
1850	1.42645
1900	1.43535
1950	1.43715
2000	1.4395
2050	1.4497499999999999
2100	1.4662
2150	1.25325
2200	1.26725
2250	1.26085
2300	1.26955
2350	1.2818999999999998
2400	1.3031
2450	1.3111000000000002
2500	1.3325500000000001
2550	1.3467
2600	1.3584
2650	1.35215
2700	1.3668
2750	1.3612
2800	1.3878
2850	1.39495
2900	1.3973
2950	1.4222000000000001
3000	1.42965
3050	1.4368
3100	1.2262
3150	1.23255
3200	1.2379
3250	1.23885
3300	1.23005
3350	1.23625
3400	1.2426000000000001
3450	1.23875
3500	1.2497500000000001
3550	1.25575
3600	1.2581
3650	1.2786
3700	1.2845
3750	1.28305
3800	1.2942
3850	1.29945
3900	1.3052000000000001
3950	1.3123500000000001
4000	1.3198
4050	1.33085
4100	1.1567500000000002
4150	1.158
4200	1.1553
4250	1.1685999999999999
4300	1.17775
4350	1.03955
4400	1.04335
4450	1.04455
4500	1.04875
4550	1.0495999999999999
4600	1.05405
4650	1.0588
4700	1.0564500000000001
4750	1.06105
4800	1.0617
4850	0.948
4900	0.9576
4950	0.9522
5000	0.95255
5050	0.9620000000000001
5100	0.9656499999999999
5150	0.96615
5200	0.9694999999999999
5250	0.9792
5300	0.9857
5350	0.9858
5400	0.9953000000000001
5450	0.9955
5500	0.9994500000000001
5550	0.99975
5600	1.00035
5650	1.0070000000000001
5700	1.0099500000000001
5750	1.0138
5800	1.01695
5850	1.0204
5900	1.02385
5950	1.0248
6000	1.03435
6050	1.04065
6100	1.03875
6150	1.048
6200	1.05135
6250	1.05195
6300	1.0613
6350	1.0713
6400	1.0722
6450	1.0724
6500	1.08185
6550	1.0911
6600	1.09185
6650	1.099
6700	1.1021
6750	1.10325
6800	1.1069499999999999
6850	1.11035
6900	1.11695
6950	1.11875
7000	0.9007000000000001
7050	0.82045
7100	0.82255
7150	0.8208
7200	0.82125
7250	0.7502
7300	0.7505999999999999
7350	0.7524
7400	0.7542500000000001
7450	0.7544000000000001
7500	0.7564
7550	0.75825
7600	0.7585999999999999
7650	0.7624
7700	0.7044499999999999
7750	0.7093
7800	0.71305
7850	0.7162999999999999
7900	0.7161500000000001
7950	0.721
8000	0.7244499999999999
8050	0.7272000000000001
8100	0.73055
8150	0.7288
8200	0.7308
8250	0.73275
8300	0.73485
8350	0.73665
8400	0.7402
8450	0.7438
8500	0.744
8550	0.7444
8600	0.7425999999999999
8650	0.7442500000000001
8700	0.74625
8750	0.7497499999999999
8800	0.7516
8850	0.75495
8900	0.7582
8950	0.7601500000000001
9000	0.7605500000000001
9050	0.76235
9100	0.7644000000000001
9150	0.7664
9200	0.7709999999999999
9250	0.7713
9300	0.76945
9350	0.7728999999999999
9400	0.77315
9450	0.775
9500	0.7767999999999999
9550	0.78185
9600	0.7838
9650	0.78415
9700	0.7859
9750	0.7876000000000001
9800	0.7928
9850	0.7908499999999999
9900	0.7926500000000001
9950	0.79915
10000	0.79755
10050	0.79735
10100	0.8007
10150	0.80385
10200	0.8037
10250	0.80385
10300	0.8072
10350	0.8086
10400	0.8103
10450	0.8150499999999999
10500	0.8154
10550	0.755
10600	0.6992999999999999
10650	0.7043999999999999
10700	0.7047
10750	0.7075
10800	0.70915
10850	0.71065
10900	0.7120000000000001
10950	0.71455
11000	0.7148
11050	0.713
11100	0.7114
11150	0.71275
11200	0.7124
11250	0.7139
11300	0.7145
11350	0.71425
11400	0.7144
11450	0.7197
11500	0.7199
11550	0.6676500000000001
11600	0.669
11650	0.6715
11700	0.6716
11750	0.6728
11800	0.67415
11850	0.67435
11900	0.6739499999999999
11950	0.67645
12000	0.6779000000000001
12050	0.6829999999999999
12100	0.6830999999999999
12150	0.63965
12200	0.64205
12250	0.6433
12300	0.64755
12350	0.6487499999999999
12400	0.65
12450	0.65115
12500	0.6103
12550	0.6106499999999999
12600	0.6126
12650	0.6112
12700	0.61345
12750	0.6145
12800	0.61575
12850	0.61595
12900	0.61805
12950	0.6182000000000001
13000	0.6203500000000001
13050	0.6214000000000001
13100	0.6217
13150	0.6238499999999999
13200	0.6249
13250	0.6259
13300	0.626
13350	0.5894
13400	0.5905
13450	0.59155
13500	0.59345
13550	0.59455
13600	0.5946
13650	0.59325
13700	0.59345
13750	0.59365
13800	0.59455
13850	0.5955
13900	0.56225
13950	0.5640499999999999
14000	0.56255
14050	0.5626
14100	0.56355
14150	0.5621
14200	0.56455
14250	0.5654
14300	0.5664
14350	0.5674
14400	0.5660999999999999
14450	0.56785
14500	0.5674
14550	0.5669
14600	0.5687
14650	0.5697
14700	0.57065
14750	0.5707
14800	0.5717
14850	0.57345
14900	0.57355
14950	0.57525
15000	0.57535
15050	0.5763
15100	0.57735
15150	0.5775
15200	0.5761499999999999
15250	0.5778
15300	0.5789
15350	0.5791
15400	0.5808
15450	0.58175
15500	0.58045
15550	0.58065
15600	0.58165
15650	0.5834
15700	0.5821500000000001
15750	0.5848
15800	0.58485
15850	0.58505
15900	0.5852999999999999
15950	0.58705
16000	0.58715
16050	0.5861
16100	0.5856
16150	0.5857
16200	0.5858
16250	0.586
16300	0.58855
16350	0.5893999999999999
16400	0.58945
16450	0.5904
16500	0.5900000000000001
16550	0.59175
16600	0.5927
16650	0.59355
16700	0.5939500000000001
16750	0.5949
16800	0.5967
16850	0.59685
16900	0.5978
16950	0.59825
17000	0.6007
17050	0.60325
17100	0.60425
17150	0.60435
17200	0.6046
17250	0.6047
17300	0.6064499999999999
17350	0.6064999999999999
17400	0.60825
17450	0.60915
17500	0.6093000000000001
17550	0.6102000000000001
17600	0.6104
17650	0.6105
17700	0.6102
17750	0.61125
17800	0.61135
17850	0.613
17900	0.6134999999999999
17950	0.6144999999999999
18000	0.6161
18050	0.617
18100	0.61805
18150	0.5841
18200	0.5842
18250	0.55325
18300	0.5533
18350	0.55335
18400	0.55355
18450	0.55425
18500	0.55385
18550	0.5553
18600	0.5555
18650	0.55525
18700	0.5560499999999999
18750	0.5549999999999999
18800	0.5565
18850	0.5566
18900	0.55735
18950	0.5587
19000	0.55955
19050	0.5597
19100	0.5593
19150	0.5595
19200	0.55955
19250	0.56115
19300	0.5619000000000001
19350	0.5635
19400	0.56355
19450	0.5636
19500	0.5650999999999999
19550	0.5653
19600	0.56425
19650	0.56325
19700	0.5633
19750	0.56415
19800	0.56565
19850	0.5657
19900	0.56785
19950	0.57
20000	0.5721499999999999
20050	0.573
20100	0.5737
20150	0.57445
20200	0.57525
20250	0.57535
20300	0.57545
20350	0.5755
20400	0.5770000000000001
20450	0.5771000000000001
20500	0.5771000000000001
20550	0.5761000000000001
20600	0.5758
20650	0.5758
20700	0.57585
20750	0.57725
20800	0.5762
20850	0.57695
20900	0.57845
20950	0.57915
21000	0.5782499999999999
21050	0.5773
21100	0.5781000000000001
21150	0.5772
21200	0.57875
21250	0.5795
21300	0.5786
21350	0.5795
21400	0.58025
21450	0.58095
21500	0.5811
21550	0.5811999999999999
21600	0.58195
21650	0.58205
21700	0.5825499999999999
21750	0.58325
21800	0.5841000000000001
21850	0.5855
21900	0.58525
21950	0.58435
22000	0.5858
22050	0.58655
22100	0.5873
22150	0.58865
22200	0.59075
22250	0.56005
22300	0.56085
22350	0.5615
22400	0.53305
22450	0.5344
22500	0.53505
22550	0.53575
22600	0.5365
22650	0.53665
22700	0.5363
22750	0.5364
22800	0.5371
22850	0.5377500000000001
22900	0.53845
22950	0.5385
23000	0.53775
23050	0.53775
23100	0.53835
23150	0.5391
23200	0.5392
23250	0.5393
23300	0.5406500000000001
23350	0.54125
23400	0.5425
23450	0.5437000000000001
23500	0.54285
23550	0.54285
23600	0.54345
23650	0.54355
23700	0.5443
23750	0.545
23800	0.54505
23850	0.5458
23900	0.5471
23950	0.54715
24000	0.5473
24050	0.5474
24100	0.5475
24150	0.54815
24200	0.5499499999999999
24250	0.5508000000000001
24300	0.54995
24350	0.55
24400	0.5513
24450	0.5519499999999999
24500	0.55215
24550	0.55125
24600	0.5525
24650	0.55255
24700	0.52485
24750	0.525
24800	0.5251
24850	0.5268
24900	0.52745
24950	0.5012
25000	0.50185
25050	0.50195
25100	0.50205
25150	0.47845
25200	0.47855
25250	0.47914999999999996
25300	0.47885
25350	0.4799
25400	0.4804
25450	0.4809
25500	0.481
25550	0.48109999999999997
25600	0.48114999999999997
25650	0.4827
25700	0.48425
25750	0.48475
25800	0.4858
25850	0.48585
25900	0.48595
25950	0.48655000000000004
26000	0.48660000000000003
26050	0.48725
26100	0.48775
26150	0.48695
26200	0.48615
26250	0.48625
26300	0.48650000000000004
26350	0.48744999999999994
26400	0.48855
26450	0.48865
26500	0.48919999999999997
26550	0.49029999999999996
26600	0.48945
26650	0.48955
26700	0.4896
26750	0.48969999999999997
26800	0.49029999999999996
26850	0.4908
26900	0.4918
26950	0.4929
27000	0.49275
27050	0.49195
27100	0.49245
27150	0.493
27200	0.4923
27250	0.49235
27300	0.4934
27350	0.49345
27400	0.494
27450	0.49405
27500	0.4942
27550	0.4942
27600	0.49470000000000003
27650	0.49575
27700	0.4955
27750	0.4956
27800	0.49605
27850	0.4961
27900	0.49720000000000003
27950	0.49775
28000	0.49665000000000004
28050	0.49675
28100	0.49725
28150	0.4978
28200	0.49705
28250	0.49805
28300	0.49810000000000004
28350	0.49815000000000004
28400	0.49920000000000003
28450	0.49975
28500	0.49985
28550	0.49985
28600	0.5004000000000001
28650	0.5009
28700	0.501
28750	0.50105
28800	0.50035
28850	0.5002
28900	0.5013
28950	0.5028
29000	0.50385
29050	0.5044
29100	0.505
29150	0.5055499999999999
29200	0.5056499999999999
29250	0.5056499999999999
29300	0.50495
29350	0.5054
29400	0.50645
29450	0.50755
29500	0.5076
29550	0.5076
29600	0.5077
29650	0.50815
29700	0.5082
29750	0.50825
29800	0.5083
29850	0.5094
29900	0.50945
29950	0.51005
30000	0.48705
30050	0.4875
30100	0.488
30150	0.48860000000000003
30200	0.48860000000000003
30250	0.48865000000000003
30300	0.48915000000000003
30350	0.48939999999999995
30400	0.4899
30450	0.4898
30500	0.4899
30550	0.48969999999999997
30600	0.49024999999999996
30650	0.4914
30700	0.4915
30750	0.492
30800	0.4921
30850	0.49260000000000004
30900	0.49239999999999995
30950	0.49244999999999994
31000	0.47045000000000003
31050	0.4709
31100	0.4709
31150	0.47025
31200	0.47030000000000005
31250	0.47075
31300	0.47119999999999995
31350	0.4726
31400	0.4727
31450	0.47205
31500	0.45165
31550	0.4517
31600	0.45104999999999995
31650	0.4515
31700	0.45155
31750	0.45205
31800	0.4521
31850	0.45215
31900	0.4527
31950	0.45315
32000	0.45355
32050	0.45399999999999996
32100	0.45445
32150	0.45485
32200	0.4549
32250	0.45545
32300	0.45595
32350	0.4564
32400	0.45725
32450	0.4573
32500	0.45775
32550	0.4586
32600	0.45865
32650	0.4587
32700	0.45875
32750	0.45915
32800	0.45955
32850	0.45995
32900	0.46045
32950	0.46055
33000	0.46109999999999995
33050	0.46109999999999995
33100	0.4619
33150	0.4623
33200	0.46235000000000004
33250	0.46235000000000004
33300	0.46240000000000003
33350	0.46240000000000003
33400	0.4625
33450	0.46225000000000005
33500	0.46225000000000005
33550	0.46265
33600	0.4627
33650	0.46355
33700	0.44415000000000004
33750	0.4446
33800	0.4451
33850	0.44625
33900	0.4463
33950	0.44675
34000	0.4461
34050	0.44585
34100	0.44630000000000003
34150	0.4464
34200	0.44645
34250	0.4465
34300	0.44585
34350	0.4459
34400	0.44630000000000003
34450	0.4467
34500	0.4472
34550	0.44834999999999997
34600	0.44839999999999997
34650	0.44845
34700	0.4485
34750	0.44855
34800	0.44855
34850	0.4494
34900	0.44985
34950	0.4499
35000	0.44995
35050	0.45039999999999997
35100	0.4502
35150	0.45025
35200	0.4503
35250	0.45105
35300	0.45155
35350	0.45199999999999996
35400	0.45199999999999996
35450	0.4524
35500	0.4524
35550	0.4524
35600	0.4348
35650	0.43520000000000003
35700	0.43525
35750	0.43525
35800	0.43525
35850	0.4361
35900	0.4361
35950	0.4366
36000	0.43629999999999997
36050	0.4357
36100	0.4365
36150	0.4359
36200	0.4363
36250	0.43674999999999997
36300	0.4375
36350	0.4375
36400	0.43725
36450	0.43775
36500	0.43715
36550	0.4366
36600	0.43665
36650	0.43745
36700	0.4379
36750	0.43835
36800	0.4384
36850	0.4388
36900	0.4388
36950	0.43915000000000004
37000	0.43965
37050	0.44005
37100	0.4389
37150	0.43895
37200	0.43895
37250	0.43845
37300	0.4388
37350	0.43885
37400	0.43925000000000003
37450	0.4394
37500	0.43945
37550	0.4399
37600	0.44029999999999997
37650	0.44065
37700	0.4407
37750	0.4405
37800	0.44055
37850	0.44005
37900	0.44005
37950	0.4405
38000	0.44055
38050	0.44010000000000005
38100	0.4405
38150	0.4405
38200	0.44085
38250	0.4417
38300	0.44205
38350	0.44205
38400	0.4421
38450	0.4421
38500	0.4423
38550	0.4427
38600	0.4427
38650	0.44275
38700	0.44279999999999997
38750	0.44284999999999997
38800	0.44229999999999997
38850	0.44229999999999997
38900	0.44275
38950	0.44279999999999997
39000	0.44279999999999997
39050	0.44284999999999997
39100	0.44284999999999997
39150	0.44289999999999996
39200	0.4433
39250	0.44370000000000004
39300	0.44375000000000003
39350	0.4441
39400	0.42635
39450	0.4258
39500	0.40995
39550	0.41
39600	0.4107
39650	0.411
39700	0.4114
39750	0.41145
39800	0.4115
39850	0.41179999999999994
39900	0.41285
39950	0.41385
40000	0.4139
40050	0.4142
40100	0.4142
40150	0.4146
40200	0.4146
40250	0.41505
40300	0.4154
40350	0.41545
40400	0.4155
40450	0.41619999999999996
40500	0.41625
40550	0.4163
40600	0.4163
40650	0.41635
40700	0.4162
40750	0.41650000000000004
40800	0.41685
40850	0.4169
40900	0.4176
40950	0.4176
41000	0.418
41050	0.4183
41100	0.4183
41150	0.4187
41200	0.419
41250	0.41905
41300	0.4194
41350	0.41985
41400	0.41985
41450	0.42060000000000003
41500	0.42065
41550	0.4207
41600	0.421
41650	0.4205
41700	0.4205
41750	0.42045
41800	0.42045
41850	0.4205
41900	0.4209
41950	0.42095
42000	0.4213
42050	0.42135
42100	0.4214
42150	0.4218
42200	0.42185
42250	0.42165
42300	0.4217
42350	0.4224
42400	0.42245
42450	0.42255
42500	0.4229
42550	0.42295000000000005
42600	0.42335
42650	0.42335
42700	0.4234
42750	0.4234
42800	0.4234
42850	0.4234
42900	0.42345
42950	0.4238
43000	0.4238
43050	0.42385
43100	0.42425
43150	0.4246
43200	0.4085
43250	0.4085
43300	0.40885
43350	0.4092
43400	0.40925
43450	0.40925
43500	0.4093
43550	0.40935000000000005
43600	0.40940000000000004
43650	0.40945000000000004
43700	0.40945000000000004
43750	0.40945000000000004
43800	0.40995
43850	0.39485
43900	0.3952
43950	0.3955
44000	0.39585
44050	0.39535
44100	0.39599999999999996
44150	0.39554999999999996
44200	0.39554999999999996
44250	0.39585
44300	0.3962
44350	0.3971
44400	0.39744999999999997
44450	0.39744999999999997
44500	0.39744999999999997
44550	0.39755
44600	0.39755
44650	0.3976
44700	0.39765
44750	0.39765
44800	0.39765
44850	0.3977
44900	0.398
44950	0.39835
45000	0.39835
45050	0.3987
45100	0.3987
45150	0.39875
45200	0.3991
45250	0.39970000000000006
45300	0.39975000000000005
45350	0.4
45400	0.38605
45450	0.37270000000000003
45500	0.37275
45550	0.37275
45600	0.3731
45650	0.3726
45700	0.37265
45750	0.3729
45800	0.37245
45850	0.3725
45900	0.37255
45950	0.37284999999999996
46000	0.37339999999999995
46050	0.37375
46100	0.3741
46150	0.3741
46200	0.3741
46250	0.36155
46300	0.3616
46350	0.36164999999999997
46400	0.36169999999999997
46450	0.36225
46500	0.36225
46550	0.36225
46600	0.36235
46650	0.36235
46700	0.36285
46750	0.3631
46800	0.36315
46850	0.36315
46900	0.36345000000000005
46950	0.36350000000000005
47000	0.36350000000000005
47050	0.36350000000000005
47100	0.36350000000000005
47150	0.36355000000000004
47200	0.36355000000000004
47250	0.36360000000000003
47300	0.364
47350	0.3643
47400	0.36455
47450	0.36405
47500	0.3641
47550	0.36415
47600	0.36445000000000005
47650	0.36495
47700	0.365
47750	0.36529999999999996
47800	0.36555000000000004
47850	0.36555000000000004
47900	0.36585
47950	0.3659
48000	0.36615000000000003
48050	0.3662
48100	0.36675
48150	0.367
48200	0.36705
48250	0.3671
48300	0.36735
48350	0.36765
48400	0.36819999999999997
48450	0.36824999999999997
48500	0.36824999999999997
48550	0.36829999999999996
48600	0.36829999999999996
48650	0.36834999999999996
48700	0.36839999999999995
48750	0.36839999999999995
48800	0.36845
48850	0.36845
48900	0.3685
48950	0.3688
49000	0.36885
49050	0.36869999999999997
49100	0.36869999999999997
49150	0.36874999999999997
49200	0.36874999999999997
49250	0.36905
49300	0.36934999999999996
49350	0.3696
49400	0.36970000000000003
49450	0.36970000000000003
49500	0.36995
49550	0.37
49600	0.37005
49650	0.37005
49700	0.3701
49750	0.3701
49800	0.37070000000000003
49850	0.37075
49900	0.3715
49950	0.3715
50000	0.37105
50050	0.37129999999999996
50100	0.37134999999999996
50150	0.37084999999999996
50200	0.37065
50250	0.37070000000000003
50300	0.371
50350	0.371
50400	0.37105
50450	0.37115000000000004
50500	0.37115000000000004
50550	0.37170000000000003
50600	0.37170000000000003
50650	0.37225
50700	0.3726
50750	0.3726
50800	0.3726
50850	0.37285
50900	0.3729
50950	0.3732
51000	0.3735
51050	0.3735
51100	0.37374999999999997
51150	0.37429999999999997
51200	0.37434999999999996
51250	0.37460000000000004
51300	0.37465000000000004
51350	0.37465000000000004
51400	0.3749
51450	0.37495
51500	0.37520000000000003
51550	0.37525000000000003
51600	0.3753
51650	0.3753
51700	0.3758
51750	0.3762
51800	0.3762
51850	0.37645
51900	0.37675
51950	0.37679999999999997
52000	0.3771
52050	0.3771
52100	0.3771
52150	0.37715
52200	0.37720000000000004
52250	0.3775
52300	0.3778
52350	0.37785
52400	0.37815
52450	0.37815
52500	0.3784
52550	0.37865
52600	0.3787
52650	0.37875
52700	0.37875
52750	0.37855
52800	0.37855
52850	0.37829999999999997
52900	0.37834999999999996
52950	0.37789999999999996
53000	0.37844999999999995
53050	0.3787
53100	0.379
53150	0.37905
53200	0.3796
53250	0.3794
53300	0.38
53350	0.38025000000000003
53400	0.38025000000000003
53450	0.3803
53500	0.3806
53550	0.38085
53600	0.3814
53650	0.3814
53700	0.38145
53750	0.381
53800	0.38125
53850	0.38155
53900	0.3821
53950	0.3821
54000	0.38220000000000004
54050	0.38220000000000004
54100	0.38245
54150	0.3825
54200	0.38205
54250	0.38205
54300	0.3816
54350	0.3812
54400	0.38125
54450	0.38125
54500	0.38184999999999997
54550	0.3826
54600	0.3829
54650	0.3829
54700	0.38295
54750	0.383
54800	0.38305
54850	0.3831
54900	0.3831
54950	0.38345
55000	0.38375
55050	0.38375
55100	0.384
55150	0.3843
55200	0.3843
55250	0.38389999999999996
55300	0.38425000000000004
55350	0.38430000000000003
55400	0.38455
55450	0.3849
55500	0.3849
55550	0.38545
55600	0.3857
55650	0.3857
55700	0.38575
55750	0.38575
55800	0.38575
55850	0.3858
55900	0.3858
55950	0.38605
56000	0.38605
56050	0.38605
56100	0.3861
56150	0.3861
56200	0.38615
56250	0.38639999999999997
56300	0.38675
56350	0.38705
56400	0.3871
56450	0.3876
56500	0.3879
56550	0.38795
56600	0.3751
56650	0.3754
56700	0.3754
56750	0.3754
56800	0.37545
56850	0.37545
56900	0.37545
56950	0.37575
57000	0.376
57050	0.376
57100	0.37675
57150	0.37679999999999997
57200	0.37679999999999997
57250	0.37684999999999996
57300	0.37689999999999996
57350	0.37644999999999995
57400	0.3765
57450	0.37655
57500	0.3766
57550	0.3769
57600	0.36455
57650	0.365
57700	0.36505
57750	0.36505
57800	0.3651
57850	0.36535
57900	0.3649
57950	0.36495
58000	0.36495
58050	0.36495
58100	0.36519999999999997
58150	0.36545
58200	0.36575
58250	0.366
58300	0.36560000000000004
58350	0.36585
58400	0.36585
58450	0.36585
58500	0.3659
58550	0.36595
58600	0.3655
58650	0.36555
58700	0.36555
58750	0.36555
58800	0.36585
58850	0.36585
58900	0.36615
58950	0.36615
59000	0.36615
59050	0.36645000000000005
59100	0.36650000000000005
59150	0.36695
59200	0.367
59250	0.367
59300	0.36725
59350	0.36725
59400	0.3673
59450	0.3675
59500	0.36775
59550	0.36775
59600	0.36775
59650	0.36805
59700	0.36805
59750	0.3681
59800	0.3681
59850	0.3686
59900	0.35685
59950	0.35685
60000	0.3569
60050	0.3569
60100	0.35695
60150	0.35675
60200	0.35700000000000004
60250	0.35700000000000004
60300	0.35705000000000003
60350	0.3573
60400	0.3575
60450	0.35805
60500	0.35805
60550	0.35825
60600	0.3586
60650	0.3586
60700	0.3588
60750	0.35885
60800	0.35885
60850	0.3591
60900	0.35914999999999997
60950	0.35919999999999996
61000	0.35919999999999996
61050	0.35919999999999996
61100	0.35924999999999996
61150	0.34805
61200	0.34805
61250	0.34805
61300	0.34850000000000003
61350	0.34850000000000003
61400	0.34855
61450	0.34855
61500	0.34855
61550	0.34875
61600	0.3486
61650	0.3486
61700	0.34885
61750	0.34885
61800	0.34885
61850	0.34935
61900	0.34935
61950	0.34935
62000	0.34935
62050	0.34935
62100	0.34895
62150	0.34855
62200	0.3379
62250	0.33795000000000003
62300	0.33795000000000003
62350	0.3382
62400	0.3382
62450	0.3382
62500	0.33845000000000003
62550	0.338
62600	0.33840000000000003
62650	0.33845000000000003
62700	0.33865
62750	0.33865
62800	0.33865
62850	0.3387
62900	0.3389
62950	0.3389
63000	0.3389
63050	0.33915
63100	0.3396
63150	0.33965
63200	0.33965
63250	0.33985
63300	0.33964999999999995
63350	0.33964999999999995
63400	0.33964999999999995
63450	0.33964999999999995
63500	0.33985
63550	0.3399
63600	0.3399
63650	0.33995000000000003
63700	0.33995000000000003
63750	0.34
63800	0.34
63850	0.33035000000000003
63900	0.3299
63950	0.3297
64000	0.3305
64050	0.33055
64100	0.33075
64150	0.33075
64200	0.33099999999999996
64250	0.33099999999999996
64300	0.3312
64350	0.33125000000000004
64400	0.33145
64450	0.32204999999999995
64500	0.32204999999999995
64550	0.32225000000000004
64600	0.32230000000000003
64650	0.3225
64700	0.32255
64750	0.32275000000000004
64800	0.32295
64850	0.323
64900	0.32315
64950	0.32315
65000	0.3232
65050	0.3234
65100	0.3234
65150	0.3236
65200	0.32365
65250	0.32384999999999997
65300	0.32384999999999997
65350	0.32384999999999997
65400	0.32405
65450	0.3243
65500	0.3243
65550	0.32484999999999997
65600	0.32505
65650	0.3251
65700	0.3251
65750	0.3251
65800	0.32515
65850	0.32510000000000006
65900	0.32470000000000004
65950	0.3251
66000	0.3251
66050	0.32515
66100	0.32515
66150	0.3252
66200	0.3256
66250	0.3256
66300	0.32585
66350	0.31679999999999997
66400	0.317
66450	0.31705
66500	0.31705
66550	0.3171
66600	0.31729999999999997
66650	0.31729999999999997
66700	0.31729999999999997
66750	0.31735
66800	0.3174
66850	0.31755
66900	0.31755
66950	0.31775
67000	0.31794999999999995
67050	0.31815000000000004
67100	0.31815000000000004
67150	0.31835
67200	0.31880000000000003
67250	0.31885
67300	0.31885
67350	0.31905
67400	0.31980000000000003
67450	0.31980000000000003
67500	0.3196
67550	0.31975
67600	0.31975
67650	0.3198
67700	0.32005
67750	0.32010000000000005
67800	0.32010000000000005
67850	0.32035
67900	0.32055
67950	0.32015
68000	0.31125
68050	0.31125
68100	0.3117
68150	0.31185
68200	0.3122
68250	0.31245
68300	0.3128
68350	0.3128
68400	0.31305000000000005
68450	0.31305000000000005
68500	0.31320000000000003
68550	0.31320000000000003
68600	0.31320000000000003
68650	0.31325000000000003
68700	0.31325000000000003
68750	0.31345
68800	0.3135
68850	0.31355
68900	0.3139
68950	0.3141
69000	0.31485
69050	0.3149
69100	0.3149
69150	0.3149
69200	0.31495
69250	0.31545
69300	0.3155
69350	0.3157
69400	0.31575
69450	0.31575
69500	0.31579999999999997
69550	0.31595
69600	0.31615
69650	0.31620000000000004
69700	0.31620000000000004
69750	0.31645
69800	0.31645
69850	0.3165
69900	0.31665000000000004
69950	0.31665000000000004
70000	0.31665000000000004
70050	0.31670000000000004
70100	0.31670000000000004
70150	0.3171
70200	0.3173
70250	0.3175
70300	0.31755
70350	0.31775
70400	0.3179
70450	0.31795
70500	0.31775
70550	0.31799999999999995
70600	0.31799999999999995
70650	0.31804999999999994
70700	0.31804999999999994
70750	0.3181
70800	0.31815
70850	0.3183
70900	0.3185
70950	0.3187
71000	0.3187
71050	0.3187
71100	0.3191
71150	0.31930000000000003
71200	0.31945
71250	0.3197
71300	0.3193
71350	0.31934999999999997
71400	0.31955
71450	0.31955
71500	0.31975
71550	0.31125
71600	0.3114
71650	0.31165000000000004
71700	0.31165000000000004
71750	0.312
71800	0.3037
71850	0.3037
71900	0.30395
71950	0.30395
72000	0.30395
72050	0.304
72100	0.304
72150	0.30405
72200	0.30379999999999996
72250	0.30379999999999996
72300	0.30379999999999996
72350	0.30384999999999995
72400	0.304
72450	0.304
72500	0.304
72550	0.30405000000000004
72600	0.30445
72650	0.30445
72700	0.3046
72750	0.3048
72800	0.3048
72850	0.3048
72900	0.3048
72950	0.30505
73000	0.30505
73050	0.30505
73100	0.30525
73150	0.30525
73200	0.30545
73250	0.30565
73300	0.30565
73350	0.30569999999999997
73400	0.30569999999999997
73450	0.306
73500	0.30624999999999997
73550	0.30624999999999997
73600	0.2983
73650	0.2988
73700	0.2988
73750	0.2917
73800	0.29185
73850	0.29205
73900	0.2922
73950	0.2922
74000	0.2924
74050	0.29245
74100	0.2852
74150	0.2852
74200	0.28525
74250	0.28485
74300	0.28485
74350	0.28500000000000003
74400	0.28500000000000003
74450	0.2852
74500	0.28535
74550	0.28535
74600	0.28555
74650	0.28555
74700	0.2853
74750	0.2856
74800	0.28565
74850	0.28565
74900	0.28585
74950	0.28545
75000	0.28505
75050	0.2851
75100	0.28525
75150	0.28545
75200	0.2856
75250	0.2854
75300	0.28554999999999997
75350	0.28554999999999997
75400	0.2859
75450	0.28595
75500	0.2861
75550	0.2863
75600	0.2863
75650	0.28635
75700	0.28635
75750	0.28635
75800	0.28654999999999997
75850	0.28654999999999997
75900	0.2867
75950	0.2867
76000	0.28685
76050	0.2869
76100	0.2869
76150	0.2869
76200	0.2869
76250	0.2869
76300	0.2872
76350	0.2872
76400	0.28725
76450	0.28725
76500	0.2873
76550	0.28735
76600	0.2874
76650	0.2874
76700	0.2874
76750	0.2874
76800	0.28755
76850	0.2879
76900	0.2879
76950	0.2879
77000	0.28795
77050	0.2881
77100	0.28815
77150	0.2883
77200	0.28845
77250	0.2885
77300	0.2885
77350	0.2885
77400	0.28855
77450	0.28855
77500	0.28875
77550	0.28875
77600	0.2888
77650	0.28895
77700	0.28875
77750	0.2889
77800	0.2891
77850	0.28925
77900	0.28925
77950	0.2889
78000	0.28905
78050	0.28945
78100	0.2895
78150	0.2895
78200	0.28964999999999996
78250	0.28964999999999996
78300	0.28985
78350	0.29000000000000004
78400	0.29000000000000004
78450	0.28965
78500	0.28995
78550	0.29000000000000004
78600	0.29005000000000003
78650	0.29035
78700	0.29035
78750	0.29055000000000003
78800	0.28995
78850	0.2902
78900	0.29035
78950	0.29035
79000	0.2904
79050	0.29055
79100	0.29055
79150	0.2906
79200	0.2906
79250	0.29075
79300	0.2909
79350	0.29125
79400	0.29125
79450	0.29145
79500	0.2916
79550	0.2918
79600	0.29155000000000003
79650	0.2916
79700	0.2916
79750	0.29165
79800	0.29165
79850	0.29145
79900	0.29145
79950	0.29165
80000	0.29165
80050	0.29145
80100	0.29175
80150	0.2919
80200	0.29195
80250	0.29159999999999997
80300	0.29195
80350	0.29195
80400	0.29195
80450	0.29195
80500	0.2921
80550	0.2921
80600	0.29175
80650	0.29195
80700	0.29195
80750	0.29215
80800	0.28490000000000004
80850	0.28490000000000004
80900	0.2852
80950	0.2852
81000	0.28485
81050	0.28490000000000004
81100	0.28490000000000004
81150	0.28490000000000004
81200	0.28455
81250	0.28455
81300	0.28455
81350	0.2846
81400	0.2846
81450	0.2843
81500	0.28445
81550	0.28415
81600	0.28415
81650	0.28415
81700	0.28415
81750	0.28445
81800	0.2845
81850	0.28465
81900	0.28435
81950	0.28454999999999997
82000	0.2846
82050	0.2846
82100	0.2846
82150	0.2846
82200	0.2843
82250	0.28445
82300	0.28465
82350	0.28465
82400	0.2848
82450	0.28485
82500	0.28485
82550	0.2849
82600	0.2849
82650	0.2849
82700	0.2849
82750	0.28509999999999996
82800	0.28525
82850	0.28525
82900	0.2853
82950	0.2853
83000	0.28550000000000003
83050	0.28550000000000003
83100	0.28555
83150	0.2857
83200	0.2857
83250	0.2857
83300	0.2854
83350	0.2854
83400	0.2854
83450	0.2854
83500	0.28545
83550	0.28545
83600	0.28545
83650	0.28575
83700	0.28575
83750	0.28575
83800	0.2858
83850	0.2858
83900	0.28609999999999997
83950	0.28609999999999997
84000	0.28595
84050	0.28595
84100	0.2861
84150	0.28615
84200	0.2863
84250	0.2863
84300	0.28635
84350	0.28635
84400	0.28625
84450	0.28645
84500	0.28645
84550	0.28645
84600	0.28645
84650	0.28664999999999996
84700	0.28664999999999996
84750	0.2868
84800	0.28715
84850	0.28715
84900	0.2872
84950	0.28735
85000	0.28745
85050	0.28765
85100	0.2873
85150	0.28025
85200	0.2803
85250	0.28
85300	0.28015
85350	0.28015
85400	0.27340000000000003
85450	0.27340000000000003
85500	0.2736
85550	0.27375
85600	0.27375
85650	0.27375
85700	0.2738
85750	0.2739
85800	0.27405
85850	0.27425
85900	0.27425
85950	0.27435
86000	0.2742
86050	0.27425
86100	0.27425
86150	0.27425
86200	0.27425
86250	0.2743
86300	0.2743
86350	0.2743
86400	0.27444999999999997
86450	0.2745
86500	0.2745
86550	0.2746
86600	0.27465
86650	0.27465
86700	0.27435
86750	0.2745
86800	0.2745
86850	0.2747
86900	0.27495
86950	0.27495
87000	0.2751
87050	0.2751
87100	0.2751
87150	0.27505
87200	0.2751
87250	0.27525
87300	0.2753
87350	0.2753
87400	0.27535
87450	0.27535
87500	0.2754
87550	0.27554999999999996
87600	0.27525
87650	0.2754
87700	0.27554999999999996
87750	0.27595000000000003
87800	0.27565
87850	0.2757
87900	0.27585
87950	0.2761
88000	0.27615
88050	0.27615
88100	0.27615
88150	0.2763
88200	0.2767
88250	0.27675
88300	0.27685
88350	0.27685
88400	0.277
88450	0.27705
88500	0.27705
88550	0.2772
88600	0.2772
88650	0.2772
88700	0.2772
88750	0.2772
88800	0.2772
88850	0.2772
88900	0.2774
88950	0.27754999999999996
89000	0.27785
89050	0.27785
89100	0.27785
89150	0.27785
89200	0.2779
89250	0.278
89300	0.278
89350	0.278
89400	0.278
89450	0.27805
89500	0.27805
89550	0.27775
89600	0.2779
89650	0.2782
89700	0.27835
89750	0.27835
89800	0.27835
89850	0.2715
89900	0.2715
89950	0.2715
90000	0.27165
90050	0.2717
90100	0.27194999999999997
90150	0.27194999999999997
90200	0.27205
90250	0.27205
90300	0.27205
90350	0.2721
90400	0.27225
90450	0.2724
90500	0.27249999999999996
90550	0.27249999999999996
90600	0.27265
90650	0.27265
90700	0.2727
90750	0.2727
90800	0.2727
90850	0.27275
90900	0.2729
90950	0.27305
91000	0.27305
91050	0.27325
91100	0.27325
91150	0.2734
91200	0.27365
91250	0.2737
91300	0.2737
91350	0.27385000000000004
91400	0.26749999999999996
91450	0.26765
91500	0.2678
91550	0.26805
91600	0.2681
91650	0.2681
91700	0.26835
91750	0.26225
91800	0.26225
91850	0.2624
91900	0.2625
91950	0.26265
92000	0.26235
92050	0.2566
92100	0.2566
92150	0.2566
92200	0.25675
92250	0.25675
92300	0.25675
92350	0.2569
92400	0.257
92450	0.257
92500	0.25715
92550	0.25715
92600	0.2573
92650	0.2573
92700	0.25739999999999996
92750	0.25744999999999996
92800	0.25744999999999996
92850	0.25744999999999996
92900	0.25744999999999996
92950	0.2576
93000	0.2576
93050	0.2576
93100	0.2577
93150	0.2579
93200	0.258
93250	0.258
93300	0.2581
93350	0.25815
93400	0.25785
93450	0.25785
93500	0.258
93550	0.258
93600	0.258
93650	0.258
93700	0.25805
93750	0.25805
93800	0.25805
93850	0.25825
93900	0.25795
93950	0.2581
94000	0.2582
94050	0.25835
94100	0.25835
94150	0.2585
94200	0.2585
94250	0.25855
94300	0.25855
94350	0.25855
94400	0.25855
94450	0.2586
94500	0.25870000000000004
94550	0.25875000000000004
94600	0.2589
94650	0.259
94700	0.25905
94750	0.25930000000000003
94800	0.25930000000000003
94850	0.25930000000000003
94900	0.2594
94950	0.25945
95000	0.25915
95050	0.25885
95100	0.25315
95150	0.25329999999999997
95200	0.25329999999999997
95250	0.25305
95300	0.25305
95350	0.25315
95400	0.25315
95450	0.2532
95500	0.2529
95550	0.2529
95600	0.253
95650	0.25305
95700	0.25305
95750	0.2532
95800	0.2532
95850	0.25325
95900	0.25335
95950	0.2535
96000	0.2536
96050	0.2536
96100	0.2538
96150	0.2539
96200	0.2539
96250	0.2539
96300	0.25395
96350	0.25395
96400	0.25395
96450	0.25395
96500	0.25405
96550	0.25375000000000003
96600	0.25395
96650	0.25395
96700	0.25395
96750	0.2541
96800	0.2541
96850	0.2541
96900	0.25435
96950	0.25435
97000	0.25435
97050	0.2544
97100	0.2544
97150	0.2544
97200	0.2546
97250	0.2546
97300	0.2546
97350	0.25475000000000003
97400	0.25485
97450	0.255
97500	0.255
97550	0.2551
97600	0.2551
97650	0.2551
97700	0.2552
97750	0.2554
97800	0.2554
97850	0.2555
97900	0.2555
97950	0.2557
98000	0.2557
98050	0.25575
98100	0.25575
98150	0.25575
98200	0.25575
98250	0.25575
98300	0.25579999999999997
98350	0.25579999999999997
98400	0.25579999999999997
98450	0.25595
98500	0.256
98550	0.256
98600	0.256
98650	0.256
98700	0.2561
98750	0.25625
98800	0.25625
98850	0.25625
98900	0.2561
98950	0.25645
99000	0.25645
99050	0.2563
99100	0.2563
99150	0.2563
99200	0.2563
99250	0.25634999999999997
99300	0.25634999999999997
99350	0.25634999999999997
99400	0.25605
99450	0.25605
99500	0.25605
99550	0.2561
99600	0.2562
99650	0.2562
99700	0.25595
99750	0.25595
99800	0.25595
99850	0.2561
99900	0.2561
99950	0.2561
